price 1,price 2,price 3,price 4,price 5,price 6,price 7,price 8,price 9,price 10,price 11,price 12,price 13,price 14,price 15,price 16,price 17,price 18,price 19,price 20,price 21,price 22,price 23,price 24,price 25,price 26,price 27,price 28,price 29,price 30,transaction
0.8499999999999995,0.8333333333333333,0.7999999999999998,0.8333333333333333,0.7833333333333335,0.7500000000000002,1.0,0.9499999999999996,0.9333333333333332,0.8999999999999999,0.9333333333333332,0.8166666666666669,0.7999999999999998,0.7833333333333335,0.0,0.14999999999999974,0.04999999999999967,0.08333333333333302,0.03333333333333336,0.6500000000000001,0.3666666666666669,0.13333333333333344,0.1666666666666668,0.3000000000000002,0.21666666666666645,0.2499999999999998,0.48333333333333334,0.20000000000000015,0.1833333333333331,0.13333333333333344,0
0.8333333333333333,0.7999999999999998,0.8333333333333333,0.7833333333333335,0.7500000000000002,1.0,0.9499999999999996,0.9333333333333332,0.8999999999999999,0.9333333333333332,0.8166666666666669,0.7999999999999998,0.7833333333333335,0.0,0.14999999999999974,0.04999999999999967,0.08333333333333302,0.03333333333333336,0.6500000000000001,0.3666666666666669,0.13333333333333344,0.1666666666666668,0.3000000000000002,0.21666666666666645,0.2499999999999998,0.48333333333333334,0.20000000000000015,0.1833333333333331,0.13333333333333344,0.08333333333333302,1
0.7999999999999998,0.8333333333333333,0.7833333333333335,0.7500000000000002,1.0,0.9499999999999996,0.9333333333333332,0.8999999999999999,0.9333333333333332,0.8166666666666669,0.7999999999999998,0.7833333333333335,0.0,0.14999999999999974,0.04999999999999967,0.08333333333333302,0.03333333333333336,0.6500000000000001,0.3666666666666669,0.13333333333333344,0.1666666666666668,0.3000000000000002,0.21666666666666645,0.2499999999999998,0.48333333333333334,0.20000000000000015,0.1833333333333331,0.13333333333333344,0.08333333333333302,0.13333333333333344,0
0.8333333333333333,0.7833333333333335,0.7500000000000002,1.0,0.9499999999999996,0.9333333333333332,0.8999999999999999,0.9333333333333332,0.8166666666666669,0.7999999999999998,0.7833333333333335,0.0,0.14999999999999974,0.04999999999999967,0.08333333333333302,0.03333333333333336,0.6500000000000001,0.3666666666666669,0.13333333333333344,0.1666666666666668,0.3000000000000002,0.21666666666666645,0.2499999999999998,0.48333333333333334,0.20000000000000015,0.1833333333333331,0.13333333333333344,0.08333333333333302,0.13333333333333344,0.13333333333333344,1
0.7833333333333335,0.7500000000000002,1.0,0.9499999999999996,0.9333333333333332,0.8999999999999999,0.9333333333333332,0.8166666666666669,0.7999999999999998,0.7833333333333335,0.0,0.14999999999999974,0.04999999999999967,0.08333333333333302,0.03333333333333336,0.6500000000000001,0.3666666666666669,0.13333333333333344,0.1666666666666668,0.3000000000000002,0.21666666666666645,0.2499999999999998,0.48333333333333334,0.20000000000000015,0.1833333333333331,0.13333333333333344,0.08333333333333302,0.13333333333333344,0.13333333333333344,0.08333333333333302,1
0.7500000000000002,1.0,0.9499999999999996,0.9333333333333332,0.8999999999999999,0.9333333333333332,0.8166666666666669,0.7999999999999998,0.7833333333333335,0.0,0.14999999999999974,0.04999999999999967,0.08333333333333302,0.03333333333333336,0.6500000000000001,0.3666666666666669,0.13333333333333344,0.1666666666666668,0.3000000000000002,0.21666666666666645,0.2499999999999998,0.48333333333333334,0.20000000000000015,0.1833333333333331,0.13333333333333344,0.08333333333333302,0.13333333333333344,0.13333333333333344,0.08333333333333302,0.2666666666666669,0
1.0,0.9499999999999996,0.9333333333333332,0.8999999999999999,0.9333333333333332,0.8166666666666669,0.7999999999999998,0.7833333333333335,0.0,0.14999999999999974,0.04999999999999967,0.08333333333333302,0.03333333333333336,0.6500000000000001,0.3666666666666669,0.13333333333333344,0.1666666666666668,0.3000000000000002,0.21666666666666645,0.2499999999999998,0.48333333333333334,0.20000000000000015,0.1833333333333331,0.13333333333333344,0.08333333333333302,0.13333333333333344,0.13333333333333344,0.08333333333333302,0.2666666666666669,0.2333333333333335,0
1.0,0.9824561403508776,0.9473684210526319,0.9824561403508776,0.8596491228070181,0.8421052631578949,0.8245614035087725,0.0,0.15789473684210506,0.05263157894736809,0.08771929824561375,0.035087719298245654,0.6842105263157899,0.38596491228070223,0.14035087719298261,0.17543859649122828,0.3157894736842109,0.22807017543859637,0.26315789473684204,0.5087719298245617,0.21052631578947392,0.1929824561403507,0.14035087719298261,0.08771929824561375,0.14035087719298261,0.14035087719298261,0.08771929824561375,0.28070175438596523,0.2456140350877196,0.17543859649122828,0
1.0,0.9642857142857143,1.0,0.8750000000000003,0.857142857142857,0.8392857142857145,0.0,0.16071428571428545,0.053571428571428215,0.08928571428571395,0.03571428571428574,0.6964285714285716,0.3928571428571432,0.14285714285714296,0.17857142857142871,0.3214285714285717,0.23214285714285693,0.2678571428571427,0.5178571428571429,0.21428571428571447,0.19642857142857117,0.14285714285714296,0.08928571428571395,0.14285714285714296,0.14285714285714296,0.08928571428571395,0.2857142857142859,0.2500000000000002,0.17857142857142871,0.16071428571428545,0
0.9642857142857143,1.0,0.8750000000000003,0.857142857142857,0.8392857142857145,0.0,0.16071428571428545,0.053571428571428215,0.08928571428571395,0.03571428571428574,0.6964285714285716,0.3928571428571432,0.14285714285714296,0.17857142857142871,0.3214285714285717,0.23214285714285693,0.2678571428571427,0.5178571428571429,0.21428571428571447,0.19642857142857117,0.14285714285714296,0.08928571428571395,0.14285714285714296,0.14285714285714296,0.08928571428571395,0.2857142857142859,0.2500000000000002,0.17857142857142871,0.16071428571428545,0.10714285714285723,1
1.0,0.8750000000000003,0.857142857142857,0.8392857142857145,0.0,0.16071428571428545,0.053571428571428215,0.08928571428571395,0.03571428571428574,0.6964285714285716,0.3928571428571432,0.14285714285714296,0.17857142857142871,0.3214285714285717,0.23214285714285693,0.2678571428571427,0.5178571428571429,0.21428571428571447,0.19642857142857117,0.14285714285714296,0.08928571428571395,0.14285714285714296,0.14285714285714296,0.08928571428571395,0.2857142857142859,0.2500000000000002,0.17857142857142871,0.16071428571428545,0.10714285714285723,0.14285714285714296,1
1.0,0.9795918367346934,0.9591836734693877,0.0,0.18367346938775472,0.06122448979591794,0.10204081632653021,0.04081632653061226,0.7959183673469387,0.4489795918367349,0.16326530612244905,0.2040816326530613,0.3673469387755104,0.2653061224489793,0.3061224489795915,0.5918367346938773,0.24489795918367357,0.22448979591836699,0.16326530612244905,0.10204081632653021,0.16326530612244905,0.16326530612244905,0.10204081632653021,0.3265306122448981,0.28571428571428586,0.2040816326530613,0.18367346938775472,0.12244897959183679,0.16326530612244905,0.2040816326530613,0
1.0,0.9791666666666671,0.0,0.18749999999999972,0.0624999999999996,0.1041666666666663,0.041666666666666706,0.8125000000000003,0.45833333333333376,0.16666666666666682,0.20833333333333354,0.37500000000000033,0.27083333333333315,0.31249999999999983,0.6041666666666667,0.2500000000000002,0.2291666666666664,0.16666666666666682,0.1041666666666663,0.16666666666666682,0.16666666666666682,0.1041666666666663,0.33333333333333365,0.29166666666666696,0.20833333333333354,0.18749999999999972,0.1250000000000001,0.16666666666666682,0.20833333333333354,0.16666666666666682,1
1.0,0.0,0.19148936170212727,0.0638297872340421,0.10638297872340384,0.04255319148936172,0.8297872340425531,0.46808510638297895,0.1702127659574469,0.21276595744680862,0.3829787234042555,0.27659574468085074,0.31914893617021245,0.6170212765957445,0.25531914893617036,0.234042553191489,0.1702127659574469,0.10638297872340384,0.1702127659574469,0.1702127659574469,0.10638297872340384,0.3404255319148938,0.29787234042553207,0.21276595744680862,0.19148936170212727,0.12765957446808518,0.1702127659574469,0.21276595744680862,0.1702127659574469,0.234042553191489,1
0.0,0.23076923076923034,0.0769230769230764,0.12820512820512772,0.05128205128205131,1.0,0.5641025641025644,0.20512820512820523,0.25641025641025655,0.4615384615384618,0.3333333333333329,0.38461538461538425,0.7435897435897434,0.3076923076923079,0.28205128205128166,0.20512820512820523,0.12820512820512772,0.20512820512820523,0.20512820512820523,0.12820512820512772,0.41025641025641046,0.3589743589743592,0.25641025641025655,0.23076923076923034,0.15384615384615394,0.20512820512820523,0.25641025641025655,0.20512820512820523,0.28205128205128166,0.3333333333333329,1
0.1891891891891887,0.027027027027026442,0.08108108108108053,0.0,1.0,0.5405405405405409,0.16216216216216225,0.21621621621621634,0.4324324324324327,0.29729729729729687,0.351351351351351,0.7297297297297296,0.27027027027027045,0.24324324324324278,0.16216216216216225,0.08108108108108053,0.16216216216216225,0.16216216216216225,0.08108108108108053,0.3783783783783786,0.3243243243243245,0.21621621621621634,0.1891891891891887,0.10810810810810817,0.16216216216216225,0.21621621621621634,0.16216216216216225,0.24324324324324278,0.29729729729729687,0.5135135135135133,0
0.027027027027026442,0.08108108108108053,0.0,1.0,0.5405405405405409,0.16216216216216225,0.21621621621621634,0.4324324324324327,0.29729729729729687,0.351351351351351,0.7297297297297296,0.27027027027027045,0.24324324324324278,0.16216216216216225,0.08108108108108053,0.16216216216216225,0.16216216216216225,0.08108108108108053,0.3783783783783786,0.3243243243243245,0.21621621621621634,0.1891891891891887,0.10810810810810817,0.16216216216216225,0.21621621621621634,0.16216216216216225,0.24324324324324278,0.29729729729729687,0.5135135135135133,0.4324324324324327,1
0.08108108108108053,0.0,1.0,0.5405405405405409,0.16216216216216225,0.21621621621621634,0.4324324324324327,0.29729729729729687,0.351351351351351,0.7297297297297296,0.27027027027027045,0.24324324324324278,0.16216216216216225,0.08108108108108053,0.16216216216216225,0.16216216216216225,0.08108108108108053,0.3783783783783786,0.3243243243243245,0.21621621621621634,0.1891891891891887,0.10810810810810817,0.16216216216216225,0.21621621621621634,0.16216216216216225,0.24324324324324278,0.29729729729729687,0.5135135135135133,0.4324324324324327,0.5135135135135133,1
0.0,1.0,0.5405405405405409,0.16216216216216225,0.21621621621621634,0.4324324324324327,0.29729729729729687,0.351351351351351,0.7297297297297296,0.27027027027027045,0.24324324324324278,0.16216216216216225,0.08108108108108053,0.16216216216216225,0.16216216216216225,0.08108108108108053,0.3783783783783786,0.3243243243243245,0.21621621621621634,0.1891891891891887,0.10810810810810817,0.16216216216216225,0.21621621621621634,0.16216216216216225,0.24324324324324278,0.29729729729729687,0.5135135135135133,0.4324324324324327,0.5135135135135133,0.594594594594595,1
1.0,0.5000000000000007,0.08823529411764772,0.1470588235294124,0.38235294117647123,0.23529411764705882,0.29411764705882354,0.7058823529411765,0.20588235294117713,0.17647058823529413,0.08823529411764772,0.0,0.08823529411764772,0.08823529411764772,0.0,0.3235294117647065,0.26470588235294185,0.1470588235294124,0.11764705882352941,0.029411764705883005,0.08823529411764772,0.1470588235294124,0.08823529411764772,0.17647058823529413,0.23529411764705882,0.47058823529411764,0.38235294117647123,0.47058823529411764,0.5588235294117654,0.5882352941176471,1
0.7083333333333343,0.12500000000000092,0.20833333333333426,0.5416666666666676,0.3333333333333333,0.4166666666666667,1.0,0.2916666666666676,0.25,0.12500000000000092,0.0,0.12500000000000092,0.12500000000000092,0.0,0.45833333333333426,0.37500000000000094,0.20833333333333426,0.16666666666666666,0.041666666666667594,0.12500000000000092,0.20833333333333426,0.12500000000000092,0.25,0.3333333333333333,0.6666666666666666,0.5416666666666676,0.6666666666666666,0.7916666666666676,0.8333333333333334,0.8333333333333334,1
0.07317073170731765,0.12195121951219573,0.31707317073170804,0.1951219512195123,0.24390243902439038,0.5853658536585369,0.1707317073170738,0.14634146341463422,0.07317073170731765,0.0,0.07317073170731765,0.07317073170731765,0.0,0.26829268292682995,0.2195121951219519,0.12195121951219573,0.09756097560975616,0.02439024390243958,0.07317073170731765,0.12195121951219573,0.07317073170731765,0.14634146341463422,0.1951219512195123,0.3902439024390246,0.31707317073170804,0.3902439024390246,0.46341463414634226,0.48780487804878075,0.48780487804878075,1.0,1
0.12195121951219573,0.31707317073170804,0.1951219512195123,0.24390243902439038,0.5853658536585369,0.1707317073170738,0.14634146341463422,0.07317073170731765,0.0,0.07317073170731765,0.07317073170731765,0.0,0.26829268292682995,0.2195121951219519,0.12195121951219573,0.09756097560975616,0.02439024390243958,0.07317073170731765,0.12195121951219573,0.07317073170731765,0.14634146341463422,0.1951219512195123,0.3902439024390246,0.31707317073170804,0.3902439024390246,0.46341463414634226,0.48780487804878075,0.48780487804878075,1.0,1.0,0
0.3023255813953495,0.18604651162790709,0.23255813953488383,0.5581395348837213,0.1627906976744192,0.13953488372093031,0.06976744186046567,0.0,0.06976744186046567,0.06976744186046567,0.0,0.2558139534883727,0.20930232558139597,0.11627906976744244,0.09302325581395354,0.0232558139534889,0.06976744186046567,0.11627906976744244,0.06976744186046567,0.13953488372093031,0.18604651162790709,0.37209302325581417,0.3023255813953495,0.37209302325581417,0.4418604651162798,0.46511627906976766,0.46511627906976766,0.9534883720930233,0.9534883720930233,1.0,0
0.18604651162790709,0.23255813953488383,0.5581395348837213,0.1627906976744192,0.13953488372093031,0.06976744186046567,0.0,0.06976744186046567,0.06976744186046567,0.0,0.2558139534883727,0.20930232558139597,0.11627906976744244,0.09302325581395354,0.0232558139534889,0.06976744186046567,0.11627906976744244,0.06976744186046567,0.13953488372093031,0.18604651162790709,0.37209302325581417,0.3023255813953495,0.37209302325581417,0.4418604651162798,0.46511627906976766,0.46511627906976766,0.9534883720930233,0.9534883720930233,1.0,0.8139534883720929,0
0.23255813953488383,0.5581395348837213,0.1627906976744192,0.13953488372093031,0.06976744186046567,0.0,0.06976744186046567,0.06976744186046567,0.0,0.2558139534883727,0.20930232558139597,0.11627906976744244,0.09302325581395354,0.0232558139534889,0.06976744186046567,0.11627906976744244,0.06976744186046567,0.13953488372093031,0.18604651162790709,0.37209302325581417,0.3023255813953495,0.37209302325581417,0.4418604651162798,0.46511627906976766,0.46511627906976766,0.9534883720930233,0.9534883720930233,1.0,0.8139534883720929,0.7441860465116283,1
0.5581395348837213,0.1627906976744192,0.13953488372093031,0.06976744186046567,0.0,0.06976744186046567,0.06976744186046567,0.0,0.2558139534883727,0.20930232558139597,0.11627906976744244,0.09302325581395354,0.0232558139534889,0.06976744186046567,0.11627906976744244,0.06976744186046567,0.13953488372093031,0.18604651162790709,0.37209302325581417,0.3023255813953495,0.37209302325581417,0.4418604651162798,0.46511627906976766,0.46511627906976766,0.9534883720930233,0.9534883720930233,1.0,0.8139534883720929,0.7441860465116283,0.7441860465116283,1
0.1627906976744192,0.13953488372093031,0.06976744186046567,0.0,0.06976744186046567,0.06976744186046567,0.0,0.2558139534883727,0.20930232558139597,0.11627906976744244,0.09302325581395354,0.0232558139534889,0.06976744186046567,0.11627906976744244,0.06976744186046567,0.13953488372093031,0.18604651162790709,0.37209302325581417,0.3023255813953495,0.37209302325581417,0.4418604651162798,0.46511627906976766,0.46511627906976766,0.9534883720930233,0.9534883720930233,1.0,0.8139534883720929,0.7441860465116283,0.7441860465116283,0.8604651162790697,1
0.13953488372093031,0.06976744186046567,0.0,0.06976744186046567,0.06976744186046567,0.0,0.2558139534883727,0.20930232558139597,0.11627906976744244,0.09302325581395354,0.0232558139534889,0.06976744186046567,0.11627906976744244,0.06976744186046567,0.13953488372093031,0.18604651162790709,0.37209302325581417,0.3023255813953495,0.37209302325581417,0.4418604651162798,0.46511627906976766,0.46511627906976766,0.9534883720930233,0.9534883720930233,1.0,0.8139534883720929,0.7441860465116283,0.7441860465116283,0.8604651162790697,0.8372093023255818,1
0.06976744186046567,0.0,0.06976744186046567,0.06976744186046567,0.0,0.2558139534883727,0.20930232558139597,0.11627906976744244,0.09302325581395354,0.0232558139534889,0.06976744186046567,0.11627906976744244,0.06976744186046567,0.13953488372093031,0.18604651162790709,0.37209302325581417,0.3023255813953495,0.37209302325581417,0.4418604651162798,0.46511627906976766,0.46511627906976766,0.9534883720930233,0.9534883720930233,1.0,0.8139534883720929,0.7441860465116283,0.7441860465116283,0.8604651162790697,0.8372093023255818,0.9069767441860465,1
0.0,0.06976744186046567,0.06976744186046567,0.0,0.2558139534883727,0.20930232558139597,0.11627906976744244,0.09302325581395354,0.0232558139534889,0.06976744186046567,0.11627906976744244,0.06976744186046567,0.13953488372093031,0.18604651162790709,0.37209302325581417,0.3023255813953495,0.37209302325581417,0.4418604651162798,0.46511627906976766,0.46511627906976766,0.9534883720930233,0.9534883720930233,1.0,0.8139534883720929,0.7441860465116283,0.7441860465116283,0.8604651162790697,0.8372093023255818,0.9069767441860465,0.9302325581395353,0
0.06976744186046567,0.06976744186046567,0.0,0.2558139534883727,0.20930232558139597,0.11627906976744244,0.09302325581395354,0.0232558139534889,0.06976744186046567,0.11627906976744244,0.06976744186046567,0.13953488372093031,0.18604651162790709,0.37209302325581417,0.3023255813953495,0.37209302325581417,0.4418604651162798,0.46511627906976766,0.46511627906976766,0.9534883720930233,0.9534883720930233,1.0,0.8139534883720929,0.7441860465116283,0.7441860465116283,0.8604651162790697,0.8372093023255818,0.9069767441860465,0.9302325581395353,0.8837209302325586,0
0.06976744186046567,0.0,0.2558139534883727,0.20930232558139597,0.11627906976744244,0.09302325581395354,0.0232558139534889,0.06976744186046567,0.11627906976744244,0.06976744186046567,0.13953488372093031,0.18604651162790709,0.37209302325581417,0.3023255813953495,0.37209302325581417,0.4418604651162798,0.46511627906976766,0.46511627906976766,0.9534883720930233,0.9534883720930233,1.0,0.8139534883720929,0.7441860465116283,0.7441860465116283,0.8604651162790697,0.8372093023255818,0.9069767441860465,0.9302325581395353,0.8837209302325586,0.7441860465116283,0
0.0,0.2558139534883727,0.20930232558139597,0.11627906976744244,0.09302325581395354,0.0232558139534889,0.06976744186046567,0.11627906976744244,0.06976744186046567,0.13953488372093031,0.18604651162790709,0.37209302325581417,0.3023255813953495,0.37209302325581417,0.4418604651162798,0.46511627906976766,0.46511627906976766,0.9534883720930233,0.9534883720930233,1.0,0.8139534883720929,0.7441860465116283,0.7441860465116283,0.8604651162790697,0.8372093023255818,0.9069767441860465,0.9302325581395353,0.8837209302325586,0.7441860465116283,0.6279069767441858,0
0.23809523809523836,0.1904761904761907,0.09523809523809534,0.07142857142857098,0.0,0.04761904761904767,0.09523809523809534,0.04761904761904767,0.11904761904761864,0.16666666666666632,0.357142857142857,0.28571428571428603,0.357142857142857,0.42857142857142905,0.45238095238095233,0.45238095238095233,0.9523809523809523,0.9523809523809523,1.0,0.8095238095238093,0.7380952380952384,0.7380952380952384,0.857142857142857,0.8333333333333337,0.9047619047619047,0.928571428571429,0.8809523809523814,0.7380952380952384,0.6190476190476186,0.45238095238095233,0
0.1904761904761907,0.09523809523809534,0.07142857142857098,0.0,0.04761904761904767,0.09523809523809534,0.04761904761904767,0.11904761904761864,0.16666666666666632,0.357142857142857,0.28571428571428603,0.357142857142857,0.42857142857142905,0.45238095238095233,0.45238095238095233,0.9523809523809523,0.9523809523809523,1.0,0.8095238095238093,0.7380952380952384,0.7380952380952384,0.857142857142857,0.8333333333333337,0.9047619047619047,0.928571428571429,0.8809523809523814,0.7380952380952384,0.6190476190476186,0.45238095238095233,0.3095238095238093,1
0.09523809523809534,0.07142857142857098,0.0,0.04761904761904767,0.09523809523809534,0.04761904761904767,0.11904761904761864,0.16666666666666632,0.357142857142857,0.28571428571428603,0.357142857142857,0.42857142857142905,0.45238095238095233,0.45238095238095233,0.9523809523809523,0.9523809523809523,1.0,0.8095238095238093,0.7380952380952384,0.7380952380952384,0.857142857142857,0.8333333333333337,0.9047619047619047,0.928571428571429,0.8809523809523814,0.7380952380952384,0.6190476190476186,0.45238095238095233,0.3095238095238093,0.3809523809523814,1
0.07142857142857098,0.0,0.04761904761904767,0.09523809523809534,0.04761904761904767,0.11904761904761864,0.16666666666666632,0.357142857142857,0.28571428571428603,0.357142857142857,0.42857142857142905,0.45238095238095233,0.45238095238095233,0.9523809523809523,0.9523809523809523,1.0,0.8095238095238093,0.7380952380952384,0.7380952380952384,0.857142857142857,0.8333333333333337,0.9047619047619047,0.928571428571429,0.8809523809523814,0.7380952380952384,0.6190476190476186,0.45238095238095233,0.3095238095238093,0.3809523809523814,0.5,0
0.0,0.04761904761904767,0.09523809523809534,0.04761904761904767,0.11904761904761864,0.16666666666666632,0.357142857142857,0.28571428571428603,0.357142857142857,0.42857142857142905,0.45238095238095233,0.45238095238095233,0.9523809523809523,0.9523809523809523,1.0,0.8095238095238093,0.7380952380952384,0.7380952380952384,0.857142857142857,0.8333333333333337,0.9047619047619047,0.928571428571429,0.8809523809523814,0.7380952380952384,0.6190476190476186,0.45238095238095233,0.3095238095238093,0.3809523809523814,0.5,0.45238095238095233,1
0.0,0.05000000000000006,0.0,0.07499999999999953,0.12499999999999958,0.3249999999999998,0.2500000000000003,0.3249999999999998,0.40000000000000047,0.42499999999999993,0.42499999999999993,0.95,0.95,1.0,0.7999999999999998,0.7250000000000002,0.7250000000000002,0.8499999999999999,0.8250000000000004,0.8999999999999999,0.9250000000000005,0.8750000000000004,0.7250000000000002,0.5999999999999995,0.42499999999999993,0.27499999999999974,0.35000000000000037,0.475,0.42499999999999993,0.49999999999999944,1
0.05000000000000006,0.0,0.07499999999999953,0.12499999999999958,0.3249999999999998,0.2500000000000003,0.3249999999999998,0.40000000000000047,0.42499999999999993,0.42499999999999993,0.95,0.95,1.0,0.7999999999999998,0.7250000000000002,0.7250000000000002,0.8499999999999999,0.8250000000000004,0.8999999999999999,0.9250000000000005,0.8750000000000004,0.7250000000000002,0.5999999999999995,0.42499999999999993,0.27499999999999974,0.35000000000000037,0.475,0.42499999999999993,0.49999999999999944,0.525,1
0.0,0.07499999999999953,0.12499999999999958,0.3249999999999998,0.2500000000000003,0.3249999999999998,0.40000000000000047,0.42499999999999993,0.42499999999999993,0.95,0.95,1.0,0.7999999999999998,0.7250000000000002,0.7250000000000002,0.8499999999999999,0.8250000000000004,0.8999999999999999,0.9250000000000005,0.8750000000000004,0.7250000000000002,0.5999999999999995,0.42499999999999993,0.27499999999999974,0.35000000000000037,0.475,0.42499999999999993,0.49999999999999944,0.525,0.7499999999999997,0
0.0,0.054054054054054085,0.27027027027027045,0.1891891891891899,0.27027027027027045,0.35135135135135215,0.3783783783783786,0.3783783783783786,0.9459459459459459,0.9459459459459459,1.0,0.7837837837837837,0.7027027027027031,0.7027027027027031,0.8378378378378377,0.8108108108108113,0.8918918918918918,0.9189189189189195,0.8648648648648654,0.7027027027027031,0.5675675675675673,0.3783783783783786,0.21621621621621634,0.2972972972972981,0.4324324324324327,0.3783783783783786,0.45945945945945915,0.4864864864864868,0.7297297297297296,0.4864864864864868,1
0.0,0.2285714285714287,0.14285714285714357,0.2285714285714287,0.3142857142857151,0.3428571428571431,0.3428571428571431,0.9428571428571428,0.9428571428571428,1.0,0.7714285714285712,0.6857142857142862,0.6857142857142862,0.8285714285714285,0.8000000000000005,0.8857142857142857,0.9142857142857148,0.8571428571428577,0.6857142857142862,0.5428571428571426,0.3428571428571431,0.17142857142857154,0.25714285714285795,0.40000000000000024,0.3428571428571431,0.4285714285714282,0.4571428571428574,0.7142857142857141,0.4571428571428574,0.5142857142857146,0
0.09999999999999941,0.0,0.09999999999999941,0.2000000000000003,0.23333333333333295,0.23333333333333295,0.9333333333333332,0.9333333333333332,1.0,0.733333333333333,0.6333333333333335,0.6333333333333335,0.7999999999999997,0.766666666666667,0.8666666666666665,0.9000000000000006,0.8333333333333338,0.6333333333333335,0.4666666666666659,0.23333333333333295,0.033333333333332646,0.13333333333333353,0.2999999999999997,0.23333333333333295,0.33333333333333237,0.3666666666666665,0.6666666666666662,0.3666666666666665,0.43333333333333324,0.39999999999999913,1
0.0,0.09999999999999941,0.2000000000000003,0.23333333333333295,0.23333333333333295,0.9333333333333332,0.9333333333333332,1.0,0.733333333333333,0.6333333333333335,0.6333333333333335,0.7999999999999997,0.766666666666667,0.8666666666666665,0.9000000000000006,0.8333333333333338,0.6333333333333335,0.4666666666666659,0.23333333333333295,0.033333333333332646,0.13333333333333353,0.2999999999999997,0.23333333333333295,0.33333333333333237,0.3666666666666665,0.6666666666666662,0.3666666666666665,0.43333333333333324,0.39999999999999913,0.43333333333333324,1
0.06896551724137936,0.17241379310344918,0.2068965517241381,0.2068965517241381,0.9310344827586207,0.9310344827586207,1.0,0.7241379310344825,0.6206896551724143,0.6206896551724143,0.7931034482758619,0.758620689655173,0.8620689655172413,0.8965517241379317,0.8275862068965524,0.6206896551724143,0.4482758620689651,0.2068965517241381,0.0,0.10344827586206981,0.27586206896551746,0.2068965517241381,0.31034482758620635,0.3448275862068968,0.6551724137931032,0.3448275862068968,0.4137931034482762,0.37931034482758574,0.4137931034482762,0.4137931034482762,0
0.17241379310344918,0.2068965517241381,0.2068965517241381,0.9310344827586207,0.9310344827586207,1.0,0.7241379310344825,0.6206896551724143,0.6206896551724143,0.7931034482758619,0.758620689655173,0.8620689655172413,0.8965517241379317,0.8275862068965524,0.6206896551724143,0.4482758620689651,0.2068965517241381,0.0,0.10344827586206981,0.27586206896551746,0.2068965517241381,0.31034482758620635,0.3448275862068968,0.6551724137931032,0.3448275862068968,0.4137931034482762,0.37931034482758574,0.4137931034482762,0.4137931034482762,0.4137931034482762,0
0.2580645161290324,0.2580645161290324,0.9354838709677419,0.9354838709677419,1.0,0.7419354838709675,0.6451612903225811,0.6451612903225811,0.8064516129032256,0.7741935483870973,0.8709677419354838,0.9032258064516135,0.8387096774193554,0.6451612903225811,0.4838709677419351,0.2580645161290324,0.0645161290322581,0.161290322580646,0.32258064516129054,0.2580645161290324,0.3548387096774189,0.38709677419354865,0.6774193548387094,0.38709677419354865,0.45161290322580677,0.419354838709677,0.45161290322580677,0.45161290322580677,0.45161290322580677,0.0,1
0.2580645161290324,0.9354838709677419,0.9354838709677419,1.0,0.7419354838709675,0.6451612903225811,0.6451612903225811,0.8064516129032256,0.7741935483870973,0.8709677419354838,0.9032258064516135,0.8387096774193554,0.6451612903225811,0.4838709677419351,0.2580645161290324,0.0645161290322581,0.161290322580646,0.32258064516129054,0.2580645161290324,0.3548387096774189,0.38709677419354865,0.6774193548387094,0.38709677419354865,0.45161290322580677,0.419354838709677,0.45161290322580677,0.45161290322580677,0.45161290322580677,0.0,0.032258064516129774,1
0.9354838709677419,0.9354838709677419,1.0,0.7419354838709675,0.6451612903225811,0.6451612903225811,0.8064516129032256,0.7741935483870973,0.8709677419354838,0.9032258064516135,0.8387096774193554,0.6451612903225811,0.4838709677419351,0.2580645161290324,0.0645161290322581,0.161290322580646,0.32258064516129054,0.2580645161290324,0.3548387096774189,0.38709677419354865,0.6774193548387094,0.38709677419354865,0.45161290322580677,0.419354838709677,0.45161290322580677,0.45161290322580677,0.45161290322580677,0.0,0.032258064516129774,0.1290322580645162,1
0.9354838709677419,1.0,0.7419354838709675,0.6451612903225811,0.6451612903225811,0.8064516129032256,0.7741935483870973,0.8709677419354838,0.9032258064516135,0.8387096774193554,0.6451612903225811,0.4838709677419351,0.2580645161290324,0.0645161290322581,0.161290322580646,0.32258064516129054,0.2580645161290324,0.3548387096774189,0.38709677419354865,0.6774193548387094,0.38709677419354865,0.45161290322580677,0.419354838709677,0.45161290322580677,0.45161290322580677,0.45161290322580677,0.0,0.032258064516129774,0.1290322580645162,0.09677419354838789,1
1.0,0.7419354838709675,0.6451612903225811,0.6451612903225811,0.8064516129032256,0.7741935483870973,0.8709677419354838,0.9032258064516135,0.8387096774193554,0.6451612903225811,0.4838709677419351,0.2580645161290324,0.0645161290322581,0.161290322580646,0.32258064516129054,0.2580645161290324,0.3548387096774189,0.38709677419354865,0.6774193548387094,0.38709677419354865,0.45161290322580677,0.419354838709677,0.45161290322580677,0.45161290322580677,0.45161290322580677,0.0,0.032258064516129774,0.1290322580645162,0.09677419354838789,0.19354838709677433,1
0.8214285714285706,0.7142857142857143,0.7142857142857143,0.892857142857142,0.8571428571428571,0.9642857142857135,1.0,0.9285714285714286,0.7142857142857143,0.5357142857142849,0.2857142857142857,0.07142857142857142,0.17857142857142935,0.35714285714285715,0.2857142857142857,0.39285714285714207,0.42857142857142855,0.7499999999999992,0.42857142857142855,0.5,0.46428571428571347,0.5,0.5,0.5,0.0,0.03571428571428651,0.14285714285714285,0.10714285714285794,0.21428571428571427,0.2500000000000008,0
0.7142857142857143,0.7142857142857143,0.892857142857142,0.8571428571428571,0.9642857142857135,1.0,0.9285714285714286,0.7142857142857143,0.5357142857142849,0.2857142857142857,0.07142857142857142,0.17857142857142935,0.35714285714285715,0.2857142857142857,0.39285714285714207,0.42857142857142855,0.7499999999999992,0.42857142857142855,0.5,0.46428571428571347,0.5,0.5,0.5,0.0,0.03571428571428651,0.14285714285714285,0.10714285714285794,0.21428571428571427,0.2500000000000008,0.17857142857142935,1
0.7142857142857143,0.892857142857142,0.8571428571428571,0.9642857142857135,1.0,0.9285714285714286,0.7142857142857143,0.5357142857142849,0.2857142857142857,0.07142857142857142,0.17857142857142935,0.35714285714285715,0.2857142857142857,0.39285714285714207,0.42857142857142855,0.7499999999999992,0.42857142857142855,0.5,0.46428571428571347,0.5,0.5,0.5,0.0,0.03571428571428651,0.14285714285714285,0.10714285714285794,0.21428571428571427,0.2500000000000008,0.17857142857142935,0.21428571428571427,1
0.892857142857142,0.8571428571428571,0.9642857142857135,1.0,0.9285714285714286,0.7142857142857143,0.5357142857142849,0.2857142857142857,0.07142857142857142,0.17857142857142935,0.35714285714285715,0.2857142857142857,0.39285714285714207,0.42857142857142855,0.7499999999999992,0.42857142857142855,0.5,0.46428571428571347,0.5,0.5,0.5,0.0,0.03571428571428651,0.14285714285714285,0.10714285714285794,0.21428571428571427,0.2500000000000008,0.17857142857142935,0.21428571428571427,0.21428571428571427,1
0.8571428571428571,0.9642857142857135,1.0,0.9285714285714286,0.7142857142857143,0.5357142857142849,0.2857142857142857,0.07142857142857142,0.17857142857142935,0.35714285714285715,0.2857142857142857,0.39285714285714207,0.42857142857142855,0.7499999999999992,0.42857142857142855,0.5,0.46428571428571347,0.5,0.5,0.5,0.0,0.03571428571428651,0.14285714285714285,0.10714285714285794,0.21428571428571427,0.2500000000000008,0.17857142857142935,0.21428571428571427,0.21428571428571427,0.46428571428571347,0
0.9642857142857135,1.0,0.9285714285714286,0.7142857142857143,0.5357142857142849,0.2857142857142857,0.07142857142857142,0.17857142857142935,0.35714285714285715,0.2857142857142857,0.39285714285714207,0.42857142857142855,0.7499999999999992,0.42857142857142855,0.5,0.46428571428571347,0.5,0.5,0.5,0.0,0.03571428571428651,0.14285714285714285,0.10714285714285794,0.21428571428571427,0.2500000000000008,0.17857142857142935,0.21428571428571427,0.21428571428571427,0.46428571428571347,0.3214285714285706,0
1.0,0.9285714285714286,0.7142857142857143,0.5357142857142849,0.2857142857142857,0.07142857142857142,0.17857142857142935,0.35714285714285715,0.2857142857142857,0.39285714285714207,0.42857142857142855,0.7499999999999992,0.42857142857142855,0.5,0.46428571428571347,0.5,0.5,0.5,0.0,0.03571428571428651,0.14285714285714285,0.10714285714285794,0.21428571428571427,0.2500000000000008,0.17857142857142935,0.21428571428571427,0.21428571428571427,0.46428571428571347,0.3214285714285706,0.21428571428571427,1
1.0,0.7692307692307693,0.5769230769230761,0.3076923076923077,0.07692307692307693,0.19230769230769315,0.38461538461538464,0.3076923076923077,0.42307692307692224,0.46153846153846156,0.8076923076923068,0.46153846153846156,0.5384615384615384,0.49999999999999917,0.5384615384615384,0.5384615384615384,0.5384615384615384,0.0,0.03846153846153932,0.15384615384615385,0.11538461538461624,0.23076923076923078,0.2692307692307701,0.19230769230769315,0.23076923076923078,0.23076923076923078,0.49999999999999917,0.3461538461538453,0.23076923076923078,0.19230769230769315,1
0.9523809523809534,0.714285714285714,0.3809523809523814,0.09523809523809534,0.23809523809523941,0.4761904761904767,0.3809523809523814,0.5238095238095233,0.5714285714285721,1.0,0.5714285714285721,0.6666666666666674,0.6190476190476186,0.6666666666666674,0.6666666666666674,0.6666666666666674,0.0,0.04761904761904873,0.1904761904761907,0.14285714285714407,0.28571428571428603,0.33333333333333476,0.23809523809523941,0.28571428571428603,0.28571428571428603,0.6190476190476186,0.428571428571428,0.28571428571428603,0.23809523809523941,0.428571428571428,0
0.714285714285714,0.3809523809523814,0.09523809523809534,0.23809523809523941,0.4761904761904767,0.3809523809523814,0.5238095238095233,0.5714285714285721,1.0,0.5714285714285721,0.6666666666666674,0.6190476190476186,0.6666666666666674,0.6666666666666674,0.6666666666666674,0.0,0.04761904761904873,0.1904761904761907,0.14285714285714407,0.28571428571428603,0.33333333333333476,0.23809523809523941,0.28571428571428603,0.28571428571428603,0.6190476190476186,0.428571428571428,0.28571428571428603,0.23809523809523941,0.428571428571428,0.33333333333333476,1
0.3809523809523814,0.09523809523809534,0.23809523809523941,0.4761904761904767,0.3809523809523814,0.5238095238095233,0.5714285714285721,1.0,0.5714285714285721,0.6666666666666674,0.6190476190476186,0.6666666666666674,0.6666666666666674,0.6666666666666674,0.0,0.04761904761904873,0.1904761904761907,0.14285714285714407,0.28571428571428603,0.33333333333333476,0.23809523809523941,0.28571428571428603,0.28571428571428603,0.6190476190476186,0.428571428571428,0.28571428571428603,0.23809523809523941,0.428571428571428,0.33333333333333476,0.428571428571428,0
0.09523809523809534,0.23809523809523941,0.4761904761904767,0.3809523809523814,0.5238095238095233,0.5714285714285721,1.0,0.5714285714285721,0.6666666666666674,0.6190476190476186,0.6666666666666674,0.6666666666666674,0.6666666666666674,0.0,0.04761904761904873,0.1904761904761907,0.14285714285714407,0.28571428571428603,0.33333333333333476,0.23809523809523941,0.28571428571428603,0.28571428571428603,0.6190476190476186,0.428571428571428,0.28571428571428603,0.23809523809523941,0.428571428571428,0.33333333333333476,0.428571428571428,0.428571428571428,0
0.23809523809523941,0.4761904761904767,0.3809523809523814,0.5238095238095233,0.5714285714285721,1.0,0.5714285714285721,0.6666666666666674,0.6190476190476186,0.6666666666666674,0.6666666666666674,0.6666666666666674,0.0,0.04761904761904873,0.1904761904761907,0.14285714285714407,0.28571428571428603,0.33333333333333476,0.23809523809523941,0.28571428571428603,0.28571428571428603,0.6190476190476186,0.428571428571428,0.28571428571428603,0.23809523809523941,0.428571428571428,0.33333333333333476,0.428571428571428,0.428571428571428,0.3809523809523814,1
0.4761904761904767,0.3809523809523814,0.5238095238095233,0.5714285714285721,1.0,0.5714285714285721,0.6666666666666674,0.6190476190476186,0.6666666666666674,0.6666666666666674,0.6666666666666674,0.0,0.04761904761904873,0.1904761904761907,0.14285714285714407,0.28571428571428603,0.33333333333333476,0.23809523809523941,0.28571428571428603,0.28571428571428603,0.6190476190476186,0.428571428571428,0.28571428571428603,0.23809523809523941,0.428571428571428,0.33333333333333476,0.428571428571428,0.428571428571428,0.3809523809523814,0.3809523809523814,1
0.3809523809523814,0.5238095238095233,0.5714285714285721,1.0,0.5714285714285721,0.6666666666666674,0.6190476190476186,0.6666666666666674,0.6666666666666674,0.6666666666666674,0.0,0.04761904761904873,0.1904761904761907,0.14285714285714407,0.28571428571428603,0.33333333333333476,0.23809523809523941,0.28571428571428603,0.28571428571428603,0.6190476190476186,0.428571428571428,0.28571428571428603,0.23809523809523941,0.428571428571428,0.33333333333333476,0.428571428571428,0.428571428571428,0.3809523809523814,0.3809523809523814,0.428571428571428,0
0.5238095238095233,0.5714285714285721,1.0,0.5714285714285721,0.6666666666666674,0.6190476190476186,0.6666666666666674,0.6666666666666674,0.6666666666666674,0.0,0.04761904761904873,0.1904761904761907,0.14285714285714407,0.28571428571428603,0.33333333333333476,0.23809523809523941,0.28571428571428603,0.28571428571428603,0.6190476190476186,0.428571428571428,0.28571428571428603,0.23809523809523941,0.428571428571428,0.33333333333333476,0.428571428571428,0.428571428571428,0.3809523809523814,0.3809523809523814,0.428571428571428,0.3809523809523814,0
0.5714285714285721,1.0,0.5714285714285721,0.6666666666666674,0.6190476190476186,0.6666666666666674,0.6666666666666674,0.6666666666666674,0.0,0.04761904761904873,0.1904761904761907,0.14285714285714407,0.28571428571428603,0.33333333333333476,0.23809523809523941,0.28571428571428603,0.28571428571428603,0.6190476190476186,0.428571428571428,0.28571428571428603,0.23809523809523941,0.428571428571428,0.33333333333333476,0.428571428571428,0.428571428571428,0.3809523809523814,0.3809523809523814,0.428571428571428,0.3809523809523814,0.23809523809523941,1
1.0,0.5714285714285721,0.6666666666666674,0.6190476190476186,0.6666666666666674,0.6666666666666674,0.6666666666666674,0.0,0.04761904761904873,0.1904761904761907,0.14285714285714407,0.28571428571428603,0.33333333333333476,0.23809523809523941,0.28571428571428603,0.28571428571428603,0.6190476190476186,0.428571428571428,0.28571428571428603,0.23809523809523941,0.428571428571428,0.33333333333333476,0.428571428571428,0.428571428571428,0.3809523809523814,0.3809523809523814,0.428571428571428,0.3809523809523814,0.23809523809523941,0.23809523809523941,1
0.8571428571428571,1.0,0.9285714285714269,1.0,1.0,1.0,0.0,0.07142857142857302,0.2857142857142857,0.21428571428571588,0.42857142857142855,0.5000000000000016,0.3571428571428587,0.42857142857142855,0.42857142857142855,0.9285714285714269,0.6428571428571412,0.42857142857142855,0.3571428571428587,0.6428571428571412,0.5000000000000016,0.6428571428571412,0.6428571428571412,0.5714285714285714,0.5714285714285714,0.6428571428571412,0.5714285714285714,0.3571428571428587,0.3571428571428587,0.42857142857142855,1
1.0,0.9285714285714269,1.0,1.0,1.0,0.0,0.07142857142857302,0.2857142857142857,0.21428571428571588,0.42857142857142855,0.5000000000000016,0.3571428571428587,0.42857142857142855,0.42857142857142855,0.9285714285714269,0.6428571428571412,0.42857142857142855,0.3571428571428587,0.6428571428571412,0.5000000000000016,0.6428571428571412,0.6428571428571412,0.5714285714285714,0.5714285714285714,0.6428571428571412,0.5714285714285714,0.3571428571428587,0.3571428571428587,0.42857142857142855,0.5000000000000016,1
0.9285714285714269,1.0,1.0,1.0,0.0,0.07142857142857302,0.2857142857142857,0.21428571428571588,0.42857142857142855,0.5000000000000016,0.3571428571428587,0.42857142857142855,0.42857142857142855,0.9285714285714269,0.6428571428571412,0.42857142857142855,0.3571428571428587,0.6428571428571412,0.5000000000000016,0.6428571428571412,0.6428571428571412,0.5714285714285714,0.5714285714285714,0.6428571428571412,0.5714285714285714,0.3571428571428587,0.3571428571428587,0.42857142857142855,0.5000000000000016,0.6428571428571412,0
1.0,1.0,1.0,0.0,0.07142857142857302,0.2857142857142857,0.21428571428571588,0.42857142857142855,0.5000000000000016,0.3571428571428587,0.42857142857142855,0.42857142857142855,0.9285714285714269,0.6428571428571412,0.42857142857142855,0.3571428571428587,0.6428571428571412,0.5000000000000016,0.6428571428571412,0.6428571428571412,0.5714285714285714,0.5714285714285714,0.6428571428571412,0.5714285714285714,0.3571428571428587,0.3571428571428587,0.42857142857142855,0.5000000000000016,0.6428571428571412,0.5000000000000016,1
1.0,1.0,0.0,0.07142857142857302,0.2857142857142857,0.21428571428571588,0.42857142857142855,0.5000000000000016,0.3571428571428587,0.42857142857142855,0.42857142857142855,0.9285714285714269,0.6428571428571412,0.42857142857142855,0.3571428571428587,0.6428571428571412,0.5000000000000016,0.6428571428571412,0.6428571428571412,0.5714285714285714,0.5714285714285714,0.6428571428571412,0.5714285714285714,0.3571428571428587,0.3571428571428587,0.42857142857142855,0.5000000000000016,0.6428571428571412,0.5000000000000016,0.5000000000000016,1
1.0,0.0,0.07142857142857302,0.2857142857142857,0.21428571428571588,0.42857142857142855,0.5000000000000016,0.3571428571428587,0.42857142857142855,0.42857142857142855,0.9285714285714269,0.6428571428571412,0.42857142857142855,0.3571428571428587,0.6428571428571412,0.5000000000000016,0.6428571428571412,0.6428571428571412,0.5714285714285714,0.5714285714285714,0.6428571428571412,0.5714285714285714,0.3571428571428587,0.3571428571428587,0.42857142857142855,0.5000000000000016,0.6428571428571412,0.5000000000000016,0.5000000000000016,0.7857142857142841,0
0.0,0.07692307692307876,0.3076923076923082,0.23076923076923286,0.46153846153846234,0.5384615384615411,0.38461538461538697,0.46153846153846234,0.46153846153846234,1.0,0.6923076923076917,0.46153846153846234,0.38461538461538697,0.6923076923076917,0.5384615384615411,0.6923076923076917,0.6923076923076917,0.6153846153846164,0.6153846153846164,0.6923076923076917,0.6153846153846164,0.38461538461538697,0.38461538461538697,0.46153846153846234,0.5384615384615411,0.6923076923076917,0.5384615384615411,0.5384615384615411,0.8461538461538459,0.7692307692307705,0
0.0,0.24999999999999908,0.1666666666666673,0.41666666666666635,0.5000000000000019,0.3333333333333346,0.41666666666666635,0.41666666666666635,1.0,0.6666666666666654,0.41666666666666635,0.3333333333333346,0.6666666666666654,0.5000000000000019,0.6666666666666654,0.6666666666666654,0.5833333333333336,0.5833333333333336,0.6666666666666654,0.5833333333333336,0.3333333333333346,0.3333333333333346,0.41666666666666635,0.5000000000000019,0.6666666666666654,0.5000000000000019,0.5000000000000019,0.8333333333333327,0.7500000000000009,0.6666666666666654,1
0.09999999999999823,0.0,0.2999999999999991,0.4000000000000018,0.2000000000000009,0.2999999999999991,0.2999999999999991,1.0,0.5999999999999982,0.2999999999999991,0.2000000000000009,0.5999999999999982,0.4000000000000018,0.5999999999999982,0.5999999999999982,0.5,0.5,0.5999999999999982,0.5,0.2000000000000009,0.2000000000000009,0.2999999999999991,0.4000000000000018,0.5999999999999982,0.4000000000000018,0.4000000000000018,0.7999999999999992,0.7000000000000008,0.5999999999999982,0.4000000000000018,1
0.0,0.2999999999999991,0.4000000000000018,0.2000000000000009,0.2999999999999991,0.2999999999999991,1.0,0.5999999999999982,0.2999999999999991,0.2000000000000009,0.5999999999999982,0.4000000000000018,0.5999999999999982,0.5999999999999982,0.5,0.5,0.5999999999999982,0.5,0.2000000000000009,0.2000000000000009,0.2999999999999991,0.4000000000000018,0.5999999999999982,0.4000000000000018,0.4000000000000018,0.7999999999999992,0.7000000000000008,0.5999999999999982,0.4000000000000018,0.9000000000000018,1
0.12499999999999792,0.2500000000000014,0.0,0.12499999999999792,0.12499999999999792,1.0,0.4999999999999972,0.12499999999999792,0.0,0.4999999999999972,0.2500000000000014,0.4999999999999972,0.4999999999999972,0.3749999999999993,0.3749999999999993,0.4999999999999972,0.3749999999999993,0.0,0.0,0.12499999999999792,0.2500000000000014,0.4999999999999972,0.2500000000000014,0.2500000000000014,0.7499999999999986,0.6250000000000007,0.4999999999999972,0.2500000000000014,0.8750000000000021,0.7499999999999986,1
0.1538461538461541,0.0,0.07692307692307535,0.07692307692307535,0.615384615384613,0.3076923076923048,0.07692307692307535,0.0,0.3076923076923048,0.1538461538461541,0.3076923076923048,0.3076923076923048,0.23076923076922945,0.23076923076922945,0.3076923076923048,0.23076923076922945,0.0,0.0,0.07692307692307535,0.1538461538461541,0.3076923076923048,0.1538461538461541,0.1538461538461541,0.4615384615384589,0.3846153846153836,0.3076923076923048,0.1538461538461541,0.5384615384615377,0.4615384615384589,1.0,0
0.0,0.07692307692307535,0.07692307692307535,0.615384615384613,0.3076923076923048,0.07692307692307535,0.0,0.3076923076923048,0.1538461538461541,0.3076923076923048,0.3076923076923048,0.23076923076922945,0.23076923076922945,0.3076923076923048,0.23076923076922945,0.0,0.0,0.07692307692307535,0.1538461538461541,0.3076923076923048,0.1538461538461541,0.1538461538461541,0.4615384615384589,0.3846153846153836,0.3076923076923048,0.1538461538461541,0.5384615384615377,0.4615384615384589,1.0,0.7692307692307672,1
0.07692307692307535,0.07692307692307535,0.615384615384613,0.3076923076923048,0.07692307692307535,0.0,0.3076923076923048,0.1538461538461541,0.3076923076923048,0.3076923076923048,0.23076923076922945,0.23076923076922945,0.3076923076923048,0.23076923076922945,0.0,0.0,0.07692307692307535,0.1538461538461541,0.3076923076923048,0.1538461538461541,0.1538461538461541,0.4615384615384589,0.3846153846153836,0.3076923076923048,0.1538461538461541,0.5384615384615377,0.4615384615384589,1.0,0.7692307692307672,0.8461538461538459,1
0.024390243902438522,0.19512195121951142,0.09756097560975517,0.024390243902438522,0.0,0.09756097560975517,0.04878048780487813,0.09756097560975517,0.09756097560975517,0.07317073170731665,0.07317073170731665,0.09756097560975517,0.07317073170731665,0.0,0.0,0.024390243902438522,0.04878048780487813,0.09756097560975517,0.04878048780487813,0.04878048780487813,0.1463414634146333,0.12195121951219477,0.09756097560975517,0.04878048780487813,0.1707317073170729,0.1463414634146333,0.31707317073170727,0.24390243902438954,0.2682926829268292,1.0,1
0.13559322033898244,0.06779661016949085,0.016949152542372524,0.0,0.06779661016949085,0.033898305084745804,0.06779661016949085,0.06779661016949085,0.05084745762711833,0.05084745762711833,0.06779661016949085,0.05084745762711833,0.0,0.0,0.016949152542372524,0.033898305084745804,0.06779661016949085,0.033898305084745804,0.033898305084745804,0.10169491525423666,0.08474576271186413,0.06779661016949085,0.033898305084745804,0.11864406779660992,0.10169491525423666,0.22033898305084734,0.16949152542372825,0.18644067796610153,0.6949152542372878,1.0,1
0.04819277108433688,0.012048192771084086,0.0,0.04819277108433688,0.024096385542168707,0.04819277108433688,0.04819277108433688,0.036144578313252795,0.036144578313252795,0.04819277108433688,0.036144578313252795,0.0,0.0,0.012048192771084086,0.024096385542168707,0.04819277108433688,0.024096385542168707,0.024096385542168707,0.07228915662650559,0.0602409638554215,0.04819277108433688,0.024096385542168707,0.0843373493975902,0.07228915662650559,0.15662650602409633,0.120481927710843,0.1325301204819276,0.4939759036144577,0.7108433734939761,1.0,0
0.012048192771084086,0.0,0.04819277108433688,0.024096385542168707,0.04819277108433688,0.04819277108433688,0.036144578313252795,0.036144578313252795,0.04819277108433688,0.036144578313252795,0.0,0.0,0.012048192771084086,0.024096385542168707,0.04819277108433688,0.024096385542168707,0.024096385542168707,0.07228915662650559,0.0602409638554215,0.04819277108433688,0.024096385542168707,0.0843373493975902,0.07228915662650559,0.15662650602409633,0.120481927710843,0.1325301204819276,0.4939759036144577,0.7108433734939761,1.0,0.8072289156626509,0
0.0,0.04819277108433688,0.024096385542168707,0.04819277108433688,0.04819277108433688,0.036144578313252795,0.036144578313252795,0.04819277108433688,0.036144578313252795,0.0,0.0,0.012048192771084086,0.024096385542168707,0.04819277108433688,0.024096385542168707,0.024096385542168707,0.07228915662650559,0.0602409638554215,0.04819277108433688,0.024096385542168707,0.0843373493975902,0.07228915662650559,0.15662650602409633,0.120481927710843,0.1325301204819276,0.4939759036144577,0.7108433734939761,1.0,0.8072289156626509,0.6867469879518073,0
0.04819277108433688,0.024096385542168707,0.04819277108433688,0.04819277108433688,0.036144578313252795,0.036144578313252795,0.04819277108433688,0.036144578313252795,0.0,0.0,0.012048192771084086,0.024096385542168707,0.04819277108433688,0.024096385542168707,0.024096385542168707,0.07228915662650559,0.0602409638554215,0.04819277108433688,0.024096385542168707,0.0843373493975902,0.07228915662650559,0.15662650602409633,0.120481927710843,0.1325301204819276,0.4939759036144577,0.7108433734939761,1.0,0.8072289156626509,0.6867469879518073,0.7108433734939761,0
0.024096385542168707,0.04819277108433688,0.04819277108433688,0.036144578313252795,0.036144578313252795,0.04819277108433688,0.036144578313252795,0.0,0.0,0.012048192771084086,0.024096385542168707,0.04819277108433688,0.024096385542168707,0.024096385542168707,0.07228915662650559,0.0602409638554215,0.04819277108433688,0.024096385542168707,0.0843373493975902,0.07228915662650559,0.15662650602409633,0.120481927710843,0.1325301204819276,0.4939759036144577,0.7108433734939761,1.0,0.8072289156626509,0.6867469879518073,0.7108433734939761,0.530120481927711,1
0.04819277108433688,0.04819277108433688,0.036144578313252795,0.036144578313252795,0.04819277108433688,0.036144578313252795,0.0,0.0,0.012048192771084086,0.024096385542168707,0.04819277108433688,0.024096385542168707,0.024096385542168707,0.07228915662650559,0.0602409638554215,0.04819277108433688,0.024096385542168707,0.0843373493975902,0.07228915662650559,0.15662650602409633,0.120481927710843,0.1325301204819276,0.4939759036144577,0.7108433734939761,1.0,0.8072289156626509,0.6867469879518073,0.7108433734939761,0.530120481927711,0.5903614457831325,1
0.04819277108433688,0.036144578313252795,0.036144578313252795,0.04819277108433688,0.036144578313252795,0.0,0.0,0.012048192771084086,0.024096385542168707,0.04819277108433688,0.024096385542168707,0.024096385542168707,0.07228915662650559,0.0602409638554215,0.04819277108433688,0.024096385542168707,0.0843373493975902,0.07228915662650559,0.15662650602409633,0.120481927710843,0.1325301204819276,0.4939759036144577,0.7108433734939761,1.0,0.8072289156626509,0.6867469879518073,0.7108433734939761,0.530120481927711,0.5903614457831325,0.5542168674698797,1
0.036144578313252795,0.036144578313252795,0.04819277108433688,0.036144578313252795,0.0,0.0,0.012048192771084086,0.024096385542168707,0.04819277108433688,0.024096385542168707,0.024096385542168707,0.07228915662650559,0.0602409638554215,0.04819277108433688,0.024096385542168707,0.0843373493975902,0.07228915662650559,0.15662650602409633,0.120481927710843,0.1325301204819276,0.4939759036144577,0.7108433734939761,1.0,0.8072289156626509,0.6867469879518073,0.7108433734939761,0.530120481927711,0.5903614457831325,0.5542168674698797,0.6265060240963859,0
0.036144578313252795,0.04819277108433688,0.036144578313252795,0.0,0.0,0.012048192771084086,0.024096385542168707,0.04819277108433688,0.024096385542168707,0.024096385542168707,0.07228915662650559,0.0602409638554215,0.04819277108433688,0.024096385542168707,0.0843373493975902,0.07228915662650559,0.15662650602409633,0.120481927710843,0.1325301204819276,0.4939759036144577,0.7108433734939761,1.0,0.8072289156626509,0.6867469879518073,0.7108433734939761,0.530120481927711,0.5903614457831325,0.5542168674698797,0.6265060240963859,0.6385542168674699,1
0.04819277108433688,0.036144578313252795,0.0,0.0,0.012048192771084086,0.024096385542168707,0.04819277108433688,0.024096385542168707,0.024096385542168707,0.07228915662650559,0.0602409638554215,0.04819277108433688,0.024096385542168707,0.0843373493975902,0.07228915662650559,0.15662650602409633,0.120481927710843,0.1325301204819276,0.4939759036144577,0.7108433734939761,1.0,0.8072289156626509,0.6867469879518073,0.7108433734939761,0.530120481927711,0.5903614457831325,0.5542168674698797,0.6265060240963859,0.6385542168674699,0.5903614457831325,1
0.036144578313252795,0.0,0.0,0.012048192771084086,0.024096385542168707,0.04819277108433688,0.024096385542168707,0.024096385542168707,0.07228915662650559,0.0602409638554215,0.04819277108433688,0.024096385542168707,0.0843373493975902,0.07228915662650559,0.15662650602409633,0.120481927710843,0.1325301204819276,0.4939759036144577,0.7108433734939761,1.0,0.8072289156626509,0.6867469879518073,0.7108433734939761,0.530120481927711,0.5903614457831325,0.5542168674698797,0.6265060240963859,0.6385542168674699,0.5903614457831325,0.7228915662650601,1
0.0,0.0,0.012048192771084086,0.024096385542168707,0.04819277108433688,0.024096385542168707,0.024096385542168707,0.07228915662650559,0.0602409638554215,0.04819277108433688,0.024096385542168707,0.0843373493975902,0.07228915662650559,0.15662650602409633,0.120481927710843,0.1325301204819276,0.4939759036144577,0.7108433734939761,1.0,0.8072289156626509,0.6867469879518073,0.7108433734939761,0.530120481927711,0.5903614457831325,0.5542168674698797,0.6265060240963859,0.6385542168674699,0.5903614457831325,0.7228915662650601,0.879518072289157,1
0.0,0.012048192771084086,0.024096385542168707,0.04819277108433688,0.024096385542168707,0.024096385542168707,0.07228915662650559,0.0602409638554215,0.04819277108433688,0.024096385542168707,0.0843373493975902,0.07228915662650559,0.15662650602409633,0.120481927710843,0.1325301204819276,0.4939759036144577,0.7108433734939761,1.0,0.8072289156626509,0.6867469879518073,0.7108433734939761,0.530120481927711,0.5903614457831325,0.5542168674698797,0.6265060240963859,0.6385542168674699,0.5903614457831325,0.7228915662650601,0.879518072289157,0.8674698795180724,0
0.0,0.01204819277108462,0.036144578313252795,0.01204819277108462,0.01204819277108462,0.0602409638554215,0.048192771084337414,0.036144578313252795,0.01204819277108462,0.07228915662650612,0.0602409638554215,0.14457831325301224,0.10843373493975891,0.12048192771084354,0.4819277108433736,0.6987951807228919,0.987951807228916,0.7951807228915668,0.6746987951807233,0.6987951807228919,0.518072289156627,0.5783132530120484,0.5421686746987956,0.6144578313253017,0.6265060240963859,0.5783132530120484,0.7108433734939761,0.8674698795180729,0.8554216867469883,1.0,0
0.0,0.024390243902438522,0.0,0.0,0.048780487804877586,0.036585365853658326,0.024390243902438522,0.0,0.060975609756097386,0.048780487804877586,0.1341463414634146,0.09756097560975571,0.10975609756097551,0.47560975609756095,0.6951219512195125,0.9878048780487807,0.7926829268292688,0.6707317073170734,0.6951219512195125,0.5121951219512199,0.5731707317073171,0.5365853658536589,0.609756097560976,0.6219512195121953,0.5731707317073171,0.7073170731707318,0.8658536585365859,0.8536585365853662,1.0,0.7073170731707318,1
0.024390243902438522,0.0,0.0,0.048780487804877586,0.036585365853658326,0.024390243902438522,0.0,0.060975609756097386,0.048780487804877586,0.1341463414634146,0.09756097560975571,0.10975609756097551,0.47560975609756095,0.6951219512195125,0.9878048780487807,0.7926829268292688,0.6707317073170734,0.6951219512195125,0.5121951219512199,0.5731707317073171,0.5365853658536589,0.609756097560976,0.6219512195121953,0.5731707317073171,0.7073170731707318,0.8658536585365859,0.8536585365853662,1.0,0.7073170731707318,0.7804878048780489,1
0.0,0.0,0.048780487804877586,0.036585365853658326,0.024390243902438522,0.0,0.060975609756097386,0.048780487804877586,0.1341463414634146,0.09756097560975571,0.10975609756097551,0.47560975609756095,0.6951219512195125,0.9878048780487807,0.7926829268292688,0.6707317073170734,0.6951219512195125,0.5121951219512199,0.5731707317073171,0.5365853658536589,0.609756097560976,0.6219512195121953,0.5731707317073171,0.7073170731707318,0.8658536585365859,0.8536585365853662,1.0,0.7073170731707318,0.7804878048780489,0.7560975609756099,1
0.0,0.048780487804877586,0.036585365853658326,0.024390243902438522,0.0,0.060975609756097386,0.048780487804877586,0.1341463414634146,0.09756097560975571,0.10975609756097551,0.47560975609756095,0.6951219512195125,0.9878048780487807,0.7926829268292688,0.6707317073170734,0.6951219512195125,0.5121951219512199,0.5731707317073171,0.5365853658536589,0.609756097560976,0.6219512195121953,0.5731707317073171,0.7073170731707318,0.8658536585365859,0.8536585365853662,1.0,0.7073170731707318,0.7804878048780489,0.7560975609756099,0.8414634146341469,1
0.048780487804877586,0.036585365853658326,0.024390243902438522,0.0,0.060975609756097386,0.048780487804877586,0.1341463414634146,0.09756097560975571,0.10975609756097551,0.47560975609756095,0.6951219512195125,0.9878048780487807,0.7926829268292688,0.6707317073170734,0.6951219512195125,0.5121951219512199,0.5731707317073171,0.5365853658536589,0.609756097560976,0.6219512195121953,0.5731707317073171,0.7073170731707318,0.8658536585365859,0.8536585365853662,1.0,0.7073170731707318,0.7804878048780489,0.7560975609756099,0.8414634146341469,0.9390243902439026,1
0.036585365853658326,0.024390243902438522,0.0,0.060975609756097386,0.048780487804877586,0.1341463414634146,0.09756097560975571,0.10975609756097551,0.47560975609756095,0.6951219512195125,0.9878048780487807,0.7926829268292688,0.6707317073170734,0.6951219512195125,0.5121951219512199,0.5731707317073171,0.5365853658536589,0.609756097560976,0.6219512195121953,0.5731707317073171,0.7073170731707318,0.8658536585365859,0.8536585365853662,1.0,0.7073170731707318,0.7804878048780489,0.7560975609756099,0.8414634146341469,0.9390243902439026,1.0,0
0.024390243902438522,0.0,0.060975609756097386,0.048780487804877586,0.1341463414634146,0.09756097560975571,0.10975609756097551,0.47560975609756095,0.6951219512195125,0.9878048780487807,0.7926829268292688,0.6707317073170734,0.6951219512195125,0.5121951219512199,0.5731707317073171,0.5365853658536589,0.609756097560976,0.6219512195121953,0.5731707317073171,0.7073170731707318,0.8658536585365859,0.8536585365853662,1.0,0.7073170731707318,0.7804878048780489,0.7560975609756099,0.8414634146341469,0.9390243902439026,1.0,0.9390243902439026,0
0.0,0.060975609756097386,0.048780487804877586,0.1341463414634146,0.09756097560975571,0.10975609756097551,0.47560975609756095,0.6951219512195125,0.9878048780487807,0.7926829268292688,0.6707317073170734,0.6951219512195125,0.5121951219512199,0.5731707317073171,0.5365853658536589,0.609756097560976,0.6219512195121953,0.5731707317073171,0.7073170731707318,0.8658536585365859,0.8536585365853662,1.0,0.7073170731707318,0.7804878048780489,0.7560975609756099,0.8414634146341469,0.9390243902439026,1.0,0.9390243902439026,0.9024390243902443,0
0.01282051282051312,0.0,0.08974358974359013,0.05128205128205134,0.06410256410256446,0.44871794871794896,0.67948717948718,0.9871794871794874,0.7820512820512826,0.6538461538461543,0.67948717948718,0.4871794871794877,0.5512820512820517,0.5128205128205134,0.5897435897435904,0.602564102564103,0.5512820512820517,0.6923076923076925,0.8589743589743597,0.8461538461538466,1.0,0.6923076923076925,0.7692307692307695,0.7435897435897438,0.833333333333334,0.9358974358974361,1.0,0.9358974358974361,0.8974358974358979,0.9230769230769236,0
0.0,0.08974358974359013,0.05128205128205134,0.06410256410256446,0.44871794871794896,0.67948717948718,0.9871794871794874,0.7820512820512826,0.6538461538461543,0.67948717948718,0.4871794871794877,0.5512820512820517,0.5128205128205134,0.5897435897435904,0.602564102564103,0.5512820512820517,0.6923076923076925,0.8589743589743597,0.8461538461538466,1.0,0.6923076923076925,0.7692307692307695,0.7435897435897438,0.833333333333334,0.9358974358974361,1.0,0.9358974358974361,0.8974358974358979,0.9230769230769236,0.7051282051282056,1
0.04054054054054089,0.0,0.01351351351351383,0.41891891891891914,0.6621621621621626,0.9864864864864867,0.7702702702702708,0.6351351351351356,0.6621621621621626,0.45945945945946,0.5270270270270273,0.48648648648648707,0.5675675675675682,0.5810810810810815,0.5270270270270273,0.6756756756756759,0.8513513513513521,0.8378378378378383,1.0,0.6756756756756759,0.756756756756757,0.72972972972973,0.824324324324325,0.9324324324324327,1.0,0.9324324324324327,0.8918918918918923,0.9189189189189194,0.6891891891891897,0.756756756756757,1
0.0,0.01351351351351383,0.41891891891891914,0.6621621621621626,0.9864864864864867,0.7702702702702708,0.6351351351351356,0.6621621621621626,0.45945945945946,0.5270270270270273,0.48648648648648707,0.5675675675675682,0.5810810810810815,0.5270270270270273,0.6756756756756759,0.8513513513513521,0.8378378378378383,1.0,0.6756756756756759,0.756756756756757,0.72972972972973,0.824324324324325,0.9324324324324327,1.0,0.9324324324324327,0.8918918918918923,0.9189189189189194,0.6891891891891897,0.756756756756757,0.8513513513513521,1
0.0,0.4109589041095891,0.6575342465753429,0.986301369863014,0.7671232876712334,0.6301369863013702,0.6575342465753429,0.4520547945205483,0.5205479452054796,0.47945205479452097,0.5616438356164389,0.575342465753425,0.5205479452054796,0.6712328767123289,0.8493150684931514,0.8356164383561647,1.0,0.6712328767123289,0.7534246575342468,0.7260273972602742,0.8219178082191787,0.9315068493150687,1.0,0.9315068493150687,0.89041095890411,0.9178082191780826,0.6849315068493155,0.7534246575342468,0.8493150684931514,0.8219178082191787,1
0.0,0.41860465116279133,0.9767441860465121,0.6046511627906986,0.3720930232558145,0.41860465116279133,0.06976744186046574,0.18604651162790725,0.11627906976744255,0.255813953488373,0.2790697674418609,0.18604651162790725,0.44186046511627924,0.744186046511629,0.7209302325581401,1.0,0.44186046511627924,0.5813953488372097,0.5348837209302328,0.6976744186046523,0.8837209302325585,1.0,0.8837209302325585,0.8139534883720938,0.8604651162790706,0.46511627906976816,0.5813953488372097,0.744186046511629,0.6976744186046523,0.7906976744186058,1
0.3750000000000003,0.9750000000000005,0.5750000000000007,0.3250000000000002,0.3750000000000003,0.0,0.12499999999999972,0.050000000000000114,0.20000000000000046,0.22499999999999995,0.12499999999999972,0.3999999999999998,0.7250000000000011,0.7000000000000004,1.0,0.3999999999999998,0.5500000000000002,0.5,0.6750000000000009,0.8750000000000003,1.0,0.8750000000000003,0.8000000000000007,0.8500000000000008,0.4250000000000004,0.5500000000000002,0.7250000000000011,0.6750000000000009,0.7750000000000011,0.7250000000000011,1
0.9750000000000005,0.5750000000000007,0.3250000000000002,0.3750000000000003,0.0,0.12499999999999972,0.050000000000000114,0.20000000000000046,0.22499999999999995,0.12499999999999972,0.3999999999999998,0.7250000000000011,0.7000000000000004,1.0,0.3999999999999998,0.5500000000000002,0.5,0.6750000000000009,0.8750000000000003,1.0,0.8750000000000003,0.8000000000000007,0.8500000000000008,0.4250000000000004,0.5500000000000002,0.7250000000000011,0.6750000000000009,0.7750000000000011,0.7250000000000011,0.9750000000000005,1
0.5476190476190477,0.3095238095238093,0.357142857142857,0.0,0.11904761904761864,0.04761904761904767,0.1904761904761907,0.214285714285714,0.11904761904761864,0.3809523809523803,0.6904761904761907,0.6666666666666663,0.9523809523809512,0.3809523809523803,0.5238095238095233,0.4761904761904756,0.642857142857143,0.8333333333333326,0.9523809523809512,0.8333333333333326,0.7619047619047616,0.8095238095238093,0.40476190476190466,0.5238095238095233,0.6904761904761907,0.642857142857143,0.7380952380952384,0.6904761904761907,0.9285714285714279,1.0,1
0.15476190476190466,0.1785714285714285,0.0,0.05952380952380932,0.023809523809523836,0.09523809523809534,0.107142857142857,0.05952380952380932,0.19047619047619016,0.34523809523809534,0.33333333333333315,0.4761904761904756,0.19047619047619016,0.26190476190476164,0.2380952380952378,0.3214285714285715,0.4166666666666663,0.4761904761904756,0.4166666666666663,0.3809523809523808,0.40476190476190466,0.20238095238095233,0.26190476190476164,0.34523809523809534,0.3214285714285715,0.3690476190476192,0.34523809523809534,0.46428571428571397,0.5,1.0,1
0.14423076923076913,0.0,0.048076923076922906,0.019230769230769246,0.07692307692307698,0.0865384615384614,0.048076923076922906,0.15384615384615355,0.27884615384615385,0.26923076923076905,0.3846153846153841,0.15384615384615355,0.2115384615384613,0.19230769230769204,0.25961538461538464,0.3365384615384612,0.3846153846153841,0.3365384615384612,0.30769230769230754,0.32692307692307676,0.16346153846153838,0.2115384615384613,0.27884615384615385,0.25961538461538464,0.29807692307692313,0.27884615384615385,0.37499999999999967,0.40384615384615374,0.8076923076923075,1.0,0
0.0,0.048076923076922906,0.019230769230769246,0.07692307692307698,0.0865384615384614,0.048076923076922906,0.15384615384615355,0.27884615384615385,0.26923076923076905,0.3846153846153841,0.15384615384615355,0.2115384615384613,0.19230769230769204,0.25961538461538464,0.3365384615384612,0.3846153846153841,0.3365384615384612,0.30769230769230754,0.32692307692307676,0.16346153846153838,0.2115384615384613,0.27884615384615385,0.25961538461538464,0.29807692307692313,0.27884615384615385,0.37499999999999967,0.40384615384615374,0.8076923076923075,1.0,0.9134615384615385,1
0.02941176470588216,0.0,0.058823529411764754,0.068627450980392,0.02941176470588216,0.137254901960784,0.2647058823529412,0.2549019607843135,0.3725490196078426,0.137254901960784,0.19607843137254877,0.17647058823529382,0.24509803921568626,0.3235294117647055,0.3725490196078426,0.3235294117647055,0.2941176470588234,0.31372549019607826,0.1470588235294117,0.19607843137254877,0.2647058823529412,0.24509803921568626,0.2843137254901961,0.2647058823529412,0.36274509803921534,0.3921568627450979,0.8039215686274508,1.0,0.911764705882353,0.9705882352941174,1
0.0,0.058823529411764754,0.068627450980392,0.02941176470588216,0.137254901960784,0.2647058823529412,0.2549019607843135,0.3725490196078426,0.137254901960784,0.19607843137254877,0.17647058823529382,0.24509803921568626,0.3235294117647055,0.3725490196078426,0.3235294117647055,0.2941176470588234,0.31372549019607826,0.1470588235294117,0.19607843137254877,0.2647058823529412,0.24509803921568626,0.2843137254901961,0.2647058823529412,0.36274509803921534,0.3921568627450979,0.8039215686274508,1.0,0.911764705882353,0.9705882352941174,0.9509803921568629,1
0.029126213592233243,0.038834951456310704,0.0,0.10679611650485422,0.23300970873786422,0.22330097087378634,0.339805825242718,0.10679611650485422,0.1650485436893203,0.14563106796116493,0.21359223300970887,0.29126213592232986,0.339805825242718,0.29126213592232986,0.262135922330097,0.2815533980582524,0.11650485436893211,0.1650485436893203,0.23300970873786422,0.21359223300970887,0.2524271844660196,0.23300970873786422,0.3300970873786406,0.3592233009708738,0.7669902912621358,0.9611650485436893,0.8737864077669905,0.932038834951456,0.9126213592233011,1.0,1
0.038834951456310704,0.0,0.10679611650485422,0.23300970873786422,0.22330097087378634,0.339805825242718,0.10679611650485422,0.1650485436893203,0.14563106796116493,0.21359223300970887,0.29126213592232986,0.339805825242718,0.29126213592232986,0.262135922330097,0.2815533980582524,0.11650485436893211,0.1650485436893203,0.23300970873786422,0.21359223300970887,0.2524271844660196,0.23300970873786422,0.3300970873786406,0.3592233009708738,0.7669902912621358,0.9611650485436893,0.8737864077669905,0.932038834951456,0.9126213592233011,1.0,0.9805825242718442,1
0.0,0.09565217391304334,0.20869565217391317,0.19999999999999993,0.3043478260869561,0.09565217391304334,0.14782608695652164,0.13043478260869554,0.19130434782608707,0.2608695652173911,0.3043478260869561,0.2608695652173911,0.23478260869565212,0.2521739130434782,0.10434782608695659,0.14782608695652164,0.20869565217391317,0.19130434782608707,0.22608695652173927,0.20869565217391317,0.29565217391304327,0.3217391304347826,0.6869565217391302,0.8608695652173912,0.782608695652174,0.8347826086956519,0.8173913043478261,0.8956521739130434,0.878260869565217,1.0,0
0.0,0.12500000000000028,0.11538461538461543,0.23076923076923045,0.0,0.057692307692307716,0.03846153846153848,0.10576923076923103,0.18269230769230757,0.23076923076923045,0.18269230769230757,0.1538461538461539,0.17307692307692316,0.009615384615384833,0.057692307692307716,0.12500000000000028,0.10576923076923103,0.1442307692307695,0.12500000000000028,0.22115384615384603,0.2500000000000001,0.6538461538461537,0.846153846153846,0.7596153846153847,0.8173076923076921,0.7980769230769232,0.8846153846153846,0.8653846153846149,1.0,0.9519230769230763,1
0.12500000000000028,0.11538461538461543,0.23076923076923045,0.0,0.057692307692307716,0.03846153846153848,0.10576923076923103,0.18269230769230757,0.23076923076923045,0.18269230769230757,0.1538461538461539,0.17307692307692316,0.009615384615384833,0.057692307692307716,0.12500000000000028,0.10576923076923103,0.1442307692307695,0.12500000000000028,0.22115384615384603,0.2500000000000001,0.6538461538461537,0.846153846153846,0.7596153846153847,0.8173076923076921,0.7980769230769232,0.8846153846153846,0.8653846153846149,1.0,0.9519230769230763,0.9519230769230763,1
0.10526315789473692,0.21052631578947345,0.0,0.05263157894736846,0.03508771929824564,0.09649122807017571,0.1666666666666666,0.21052631578947345,0.1666666666666666,0.14035087719298256,0.1578947368421054,0.008771929824561606,0.05263157894736846,0.11403508771929853,0.09649122807017571,0.13157894736842135,0.11403508771929853,0.20175438596491224,0.22807017543859667,0.5964912280701755,0.7719298245614037,0.6929824561403513,0.7456140350877193,0.7280701754385969,0.8070175438596494,0.7894736842105261,0.9122807017543862,0.8684210526315786,0.8684210526315786,1.0,0
0.21052631578947345,0.0,0.05263157894736846,0.03508771929824564,0.09649122807017571,0.1666666666666666,0.21052631578947345,0.1666666666666666,0.14035087719298256,0.1578947368421054,0.008771929824561606,0.05263157894736846,0.11403508771929853,0.09649122807017571,0.13157894736842135,0.11403508771929853,0.20175438596491224,0.22807017543859667,0.5964912280701755,0.7719298245614037,0.6929824561403513,0.7456140350877193,0.7280701754385969,0.8070175438596494,0.7894736842105261,0.9122807017543862,0.8684210526315786,0.8684210526315786,1.0,0.833333333333333,0
0.0,0.05263157894736846,0.03508771929824564,0.09649122807017571,0.1666666666666666,0.21052631578947345,0.1666666666666666,0.14035087719298256,0.1578947368421054,0.008771929824561606,0.05263157894736846,0.11403508771929853,0.09649122807017571,0.13157894736842135,0.11403508771929853,0.20175438596491224,0.22807017543859667,0.5964912280701755,0.7719298245614037,0.6929824561403513,0.7456140350877193,0.7280701754385969,0.8070175438596494,0.7894736842105261,0.9122807017543862,0.8684210526315786,0.8684210526315786,1.0,0.833333333333333,0.8157894736842106,1
0.044247787610619316,0.02654867256637151,0.08849557522123902,0.15929203539822986,0.20353982300884918,0.15929203539822986,0.13274336283185834,0.15044247787610615,0.0,0.044247787610619316,0.10619469026548684,0.08849557522123902,0.12389380530973464,0.10619469026548684,0.19469026548672547,0.22123893805309736,0.5929203539823009,0.769911504424779,0.690265486725664,0.743362831858407,0.7256637168141596,0.8053097345132746,0.7876106194690263,0.9115044247787614,0.8672566371681413,0.8672566371681413,1.0,0.8318584070796456,0.8141592920353983,0.7610619469026553,1
0.02654867256637151,0.08849557522123902,0.15929203539822986,0.20353982300884918,0.15929203539822986,0.13274336283185834,0.15044247787610615,0.0,0.044247787610619316,0.10619469026548684,0.08849557522123902,0.12389380530973464,0.10619469026548684,0.19469026548672547,0.22123893805309736,0.5929203539823009,0.769911504424779,0.690265486725664,0.743362831858407,0.7256637168141596,0.8053097345132746,0.7876106194690263,0.9115044247787614,0.8672566371681413,0.8672566371681413,1.0,0.8318584070796456,0.8141592920353983,0.7610619469026553,0.8938053097345132,1
0.0847457627118645,0.15254237288135572,0.19491525423728778,0.15254237288135572,0.12711864406779658,0.14406779661016947,0.0,0.04237288135593206,0.1016949152542374,0.0847457627118645,0.1186440677966103,0.1016949152542374,0.18644067796610153,0.21186440677966106,0.5677966101694916,0.7372881355932206,0.6610169491525427,0.7118644067796611,0.6949152542372885,0.7711864406779664,0.7542372881355931,0.8728813559322038,0.830508474576271,0.830508474576271,0.9576271186440679,0.7966101694915252,0.7796610169491527,0.7288135593220344,0.8559322033898306,1.0,1
0.11999999999999982,0.15333333333333302,0.11999999999999982,0.09999999999999994,0.11333333333333329,0.0,0.033333333333333215,0.08000000000000007,0.06666666666666672,0.09333333333333342,0.08000000000000007,0.1466666666666665,0.16666666666666666,0.4466666666666666,0.5800000000000001,0.5200000000000001,0.5599999999999999,0.5466666666666669,0.6066666666666668,0.5933333333333332,0.6866666666666669,0.653333333333333,0.653333333333333,0.7533333333333333,0.6266666666666664,0.6133333333333333,0.5733333333333336,0.6733333333333332,0.7866666666666665,1.0,0
0.15333333333333302,0.11999999999999982,0.09999999999999994,0.11333333333333329,0.0,0.033333333333333215,0.08000000000000007,0.06666666666666672,0.09333333333333342,0.08000000000000007,0.1466666666666665,0.16666666666666666,0.4466666666666666,0.5800000000000001,0.5200000000000001,0.5599999999999999,0.5466666666666669,0.6066666666666668,0.5933333333333332,0.6866666666666669,0.653333333333333,0.653333333333333,0.7533333333333333,0.6266666666666664,0.6133333333333333,0.5733333333333336,0.6733333333333332,0.7866666666666665,1.0,0.9733333333333333,0
0.11999999999999982,0.09999999999999994,0.11333333333333329,0.0,0.033333333333333215,0.08000000000000007,0.06666666666666672,0.09333333333333342,0.08000000000000007,0.1466666666666665,0.16666666666666666,0.4466666666666666,0.5800000000000001,0.5200000000000001,0.5599999999999999,0.5466666666666669,0.6066666666666668,0.5933333333333332,0.6866666666666669,0.653333333333333,0.653333333333333,0.7533333333333333,0.6266666666666664,0.6133333333333333,0.5733333333333336,0.6733333333333332,0.7866666666666665,1.0,0.9733333333333333,0.9133333333333334,1
0.09999999999999994,0.11333333333333329,0.0,0.033333333333333215,0.08000000000000007,0.06666666666666672,0.09333333333333342,0.08000000000000007,0.1466666666666665,0.16666666666666666,0.4466666666666666,0.5800000000000001,0.5200000000000001,0.5599999999999999,0.5466666666666669,0.6066666666666668,0.5933333333333332,0.6866666666666669,0.653333333333333,0.653333333333333,0.7533333333333333,0.6266666666666664,0.6133333333333333,0.5733333333333336,0.6733333333333332,0.7866666666666665,1.0,0.9733333333333333,0.9133333333333334,0.9400000000000001,1
0.09289617486338794,0.0,0.0273224043715846,0.06557377049180334,0.054644808743169446,0.07650273224043723,0.06557377049180334,0.12021857923497253,0.13661202185792348,0.36612021857923494,0.4754098360655738,0.42622950819672145,0.45901639344262285,0.44808743169398924,0.4972677595628416,0.48633879781420747,0.5628415300546449,0.5355191256830598,0.5355191256830598,0.6174863387978141,0.513661202185792,0.5027322404371584,0.46994535519125696,0.5519125683060108,0.6448087431693987,0.819672131147541,0.7978142076502732,0.7486338797814208,0.7704918032786886,1.0,0
0.0,0.0273224043715846,0.06557377049180334,0.054644808743169446,0.07650273224043723,0.06557377049180334,0.12021857923497253,0.13661202185792348,0.36612021857923494,0.4754098360655738,0.42622950819672145,0.45901639344262285,0.44808743169398924,0.4972677595628416,0.48633879781420747,0.5628415300546449,0.5355191256830598,0.5355191256830598,0.6174863387978141,0.513661202185792,0.5027322404371584,0.46994535519125696,0.5519125683060108,0.6448087431693987,0.819672131147541,0.7978142076502732,0.7486338797814208,0.7704918032786886,1.0,0.9617486338797813,0
0.0,0.039325842696629365,0.028089887640449583,0.050561797752809154,0.039325842696629365,0.09550561797752803,0.11235955056179783,0.34831460674157305,0.46067415730337086,0.41011235955056197,0.4438202247191011,0.43258426966292157,0.48314606741573046,0.47191011235955044,0.5505617977528091,0.5224719101123593,0.5224719101123593,0.6067415730337078,0.4999999999999998,0.4887640449438202,0.4550561797752811,0.5393258426966291,0.6348314606741572,0.8146067415730337,0.7921348314606741,0.7415730337078652,0.7640449438202248,1.0,0.9606741573033706,0.9438202247191009,0
0.011560693641618507,0.0,0.023121387283237014,0.011560693641618507,0.06936416184971078,0.08670520231213867,0.32947976878612706,0.44508670520231214,0.393063583815029,0.4277456647398843,0.416184971098266,0.4682080924855492,0.4566473988439304,0.5375722543352602,0.5086705202312135,0.5086705202312135,0.5953757225433525,0.4855491329479765,0.4739884393063583,0.439306358381503,0.5260115606936414,0.6242774566473986,0.8092485549132947,0.7861271676300577,0.7341040462427746,0.7572254335260116,1.0,0.9595375722543351,0.9421965317919072,0.9595375722543351,0
0.0,0.023121387283237014,0.011560693641618507,0.06936416184971078,0.08670520231213867,0.32947976878612706,0.44508670520231214,0.393063583815029,0.4277456647398843,0.416184971098266,0.4682080924855492,0.4566473988439304,0.5375722543352602,0.5086705202312135,0.5086705202312135,0.5953757225433525,0.4855491329479765,0.4739884393063583,0.439306358381503,0.5260115606936414,0.6242774566473986,0.8092485549132947,0.7861271676300577,0.7341040462427746,0.7572254335260116,1.0,0.9595375722543351,0.9421965317919072,0.9595375722543351,0.7861271676300577,0
0.01169590643274855,0.0,0.058479532163742486,0.07602339181286544,0.3216374269005847,0.4385964912280702,0.38596491228070184,0.42105263157894723,0.4093567251461989,0.4619883040935673,0.45029239766081847,0.5321637426900586,0.5029239766081868,0.5029239766081868,0.5906432748538011,0.4795321637426897,0.46783625730994144,0.43274853801169605,0.5204678362573097,0.6198830409356723,0.8070175438596491,0.783625730994152,0.7309941520467836,0.7543859649122807,1.0,0.95906432748538,0.941520467836257,0.95906432748538,0.783625730994152,0.5087719298245614,0
0.022857142857142878,0.07999999999999982,0.0971428571428571,0.3371428571428571,0.45142857142857146,0.4000000000000001,0.43428571428571416,0.422857142857143,0.4742857142857143,0.46285714285714263,0.5428571428571429,0.514285714285714,0.514285714285714,0.5999999999999999,0.4914285714285711,0.4799999999999999,0.44571428571428584,0.5314285714285713,0.6285714285714283,0.8114285714285714,0.7885714285714285,0.7371428571428572,0.76,1.0,0.9599999999999999,0.9428571428571425,0.9599999999999999,0.7885714285714285,0.5200000000000001,0.0,1
0.11049723756906062,0.12707182320441987,0.35911602209944743,0.4696132596685083,0.41988950276243103,0.45303867403314907,0.44198895027624324,0.4917127071823205,0.48066298342541414,0.558011049723757,0.5303867403314915,0.5303867403314915,0.6132596685082872,0.5082872928176793,0.49723756906077343,0.4640883977900554,0.5469613259668507,0.6408839779005523,0.8176795580110497,0.7955801104972375,0.7458563535911602,0.7679558011049724,1.0,0.9613259668508286,0.9447513812154693,0.9613259668508286,0.7955801104972375,0.5359116022099448,0.03314917127071826,0.0,1
0.12707182320441987,0.35911602209944743,0.4696132596685083,0.41988950276243103,0.45303867403314907,0.44198895027624324,0.4917127071823205,0.48066298342541414,0.558011049723757,0.5303867403314915,0.5303867403314915,0.6132596685082872,0.5082872928176793,0.49723756906077343,0.4640883977900554,0.5469613259668507,0.6408839779005523,0.8176795580110497,0.7955801104972375,0.7458563535911602,0.7679558011049724,1.0,0.9613259668508286,0.9447513812154693,0.9613259668508286,0.7955801104972375,0.5359116022099448,0.03314917127071826,0.0,0.23756906077348075,0
0.35911602209944743,0.4696132596685083,0.41988950276243103,0.45303867403314907,0.44198895027624324,0.4917127071823205,0.48066298342541414,0.558011049723757,0.5303867403314915,0.5303867403314915,0.6132596685082872,0.5082872928176793,0.49723756906077343,0.4640883977900554,0.5469613259668507,0.6408839779005523,0.8176795580110497,0.7955801104972375,0.7458563535911602,0.7679558011049724,1.0,0.9613259668508286,0.9447513812154693,0.9613259668508286,0.7955801104972375,0.5359116022099448,0.03314917127071826,0.0,0.23756906077348075,0.20994475138121566,0
0.4696132596685083,0.41988950276243103,0.45303867403314907,0.44198895027624324,0.4917127071823205,0.48066298342541414,0.558011049723757,0.5303867403314915,0.5303867403314915,0.6132596685082872,0.5082872928176793,0.49723756906077343,0.4640883977900554,0.5469613259668507,0.6408839779005523,0.8176795580110497,0.7955801104972375,0.7458563535911602,0.7679558011049724,1.0,0.9613259668508286,0.9447513812154693,0.9613259668508286,0.7955801104972375,0.5359116022099448,0.03314917127071826,0.0,0.23756906077348075,0.20994475138121566,0.12154696132596696,1
0.41988950276243103,0.45303867403314907,0.44198895027624324,0.4917127071823205,0.48066298342541414,0.558011049723757,0.5303867403314915,0.5303867403314915,0.6132596685082872,0.5082872928176793,0.49723756906077343,0.4640883977900554,0.5469613259668507,0.6408839779005523,0.8176795580110497,0.7955801104972375,0.7458563535911602,0.7679558011049724,1.0,0.9613259668508286,0.9447513812154693,0.9613259668508286,0.7955801104972375,0.5359116022099448,0.03314917127071826,0.0,0.23756906077348075,0.20994475138121566,0.12154696132596696,0.14917127071823205,0
0.45303867403314907,0.44198895027624324,0.4917127071823205,0.48066298342541414,0.558011049723757,0.5303867403314915,0.5303867403314915,0.6132596685082872,0.5082872928176793,0.49723756906077343,0.4640883977900554,0.5469613259668507,0.6408839779005523,0.8176795580110497,0.7955801104972375,0.7458563535911602,0.7679558011049724,1.0,0.9613259668508286,0.9447513812154693,0.9613259668508286,0.7955801104972375,0.5359116022099448,0.03314917127071826,0.0,0.23756906077348075,0.20994475138121566,0.12154696132596696,0.14917127071823205,0.13812154696132573,1
0.44198895027624324,0.4917127071823205,0.48066298342541414,0.558011049723757,0.5303867403314915,0.5303867403314915,0.6132596685082872,0.5082872928176793,0.49723756906077343,0.4640883977900554,0.5469613259668507,0.6408839779005523,0.8176795580110497,0.7955801104972375,0.7458563535911602,0.7679558011049724,1.0,0.9613259668508286,0.9447513812154693,0.9613259668508286,0.7955801104972375,0.5359116022099448,0.03314917127071826,0.0,0.23756906077348075,0.20994475138121566,0.12154696132596696,0.14917127071823205,0.13812154696132573,0.11602209944751354,1
0.4917127071823205,0.48066298342541414,0.558011049723757,0.5303867403314915,0.5303867403314915,0.6132596685082872,0.5082872928176793,0.49723756906077343,0.4640883977900554,0.5469613259668507,0.6408839779005523,0.8176795580110497,0.7955801104972375,0.7458563535911602,0.7679558011049724,1.0,0.9613259668508286,0.9447513812154693,0.9613259668508286,0.7955801104972375,0.5359116022099448,0.03314917127071826,0.0,0.23756906077348075,0.20994475138121566,0.12154696132596696,0.14917127071823205,0.13812154696132573,0.11602209944751354,0.18784530386740347,1
0.48066298342541414,0.558011049723757,0.5303867403314915,0.5303867403314915,0.6132596685082872,0.5082872928176793,0.49723756906077343,0.4640883977900554,0.5469613259668507,0.6408839779005523,0.8176795580110497,0.7955801104972375,0.7458563535911602,0.7679558011049724,1.0,0.9613259668508286,0.9447513812154693,0.9613259668508286,0.7955801104972375,0.5359116022099448,0.03314917127071826,0.0,0.23756906077348075,0.20994475138121566,0.12154696132596696,0.14917127071823205,0.13812154696132573,0.11602209944751354,0.18784530386740347,0.22651933701657442,1
0.558011049723757,0.5303867403314915,0.5303867403314915,0.6132596685082872,0.5082872928176793,0.49723756906077343,0.4640883977900554,0.5469613259668507,0.6408839779005523,0.8176795580110497,0.7955801104972375,0.7458563535911602,0.7679558011049724,1.0,0.9613259668508286,0.9447513812154693,0.9613259668508286,0.7955801104972375,0.5359116022099448,0.03314917127071826,0.0,0.23756906077348075,0.20994475138121566,0.12154696132596696,0.14917127071823205,0.13812154696132573,0.11602209944751354,0.18784530386740347,0.22651933701657442,0.4088397790055247,0
0.5303867403314915,0.5303867403314915,0.6132596685082872,0.5082872928176793,0.49723756906077343,0.4640883977900554,0.5469613259668507,0.6408839779005523,0.8176795580110497,0.7955801104972375,0.7458563535911602,0.7679558011049724,1.0,0.9613259668508286,0.9447513812154693,0.9613259668508286,0.7955801104972375,0.5359116022099448,0.03314917127071826,0.0,0.23756906077348075,0.20994475138121566,0.12154696132596696,0.14917127071823205,0.13812154696132573,0.11602209944751354,0.18784530386740347,0.22651933701657442,0.4088397790055247,0.22099447513812148,1
0.5303867403314915,0.6132596685082872,0.5082872928176793,0.49723756906077343,0.4640883977900554,0.5469613259668507,0.6408839779005523,0.8176795580110497,0.7955801104972375,0.7458563535911602,0.7679558011049724,1.0,0.9613259668508286,0.9447513812154693,0.9613259668508286,0.7955801104972375,0.5359116022099448,0.03314917127071826,0.0,0.23756906077348075,0.20994475138121566,0.12154696132596696,0.14917127071823205,0.13812154696132573,0.11602209944751354,0.18784530386740347,0.22651933701657442,0.4088397790055247,0.22099447513812148,0.38121546961325964,0
0.6132596685082872,0.5082872928176793,0.49723756906077343,0.4640883977900554,0.5469613259668507,0.6408839779005523,0.8176795580110497,0.7955801104972375,0.7458563535911602,0.7679558011049724,1.0,0.9613259668508286,0.9447513812154693,0.9613259668508286,0.7955801104972375,0.5359116022099448,0.03314917127071826,0.0,0.23756906077348075,0.20994475138121566,0.12154696132596696,0.14917127071823205,0.13812154696132573,0.11602209944751354,0.18784530386740347,0.22651933701657442,0.4088397790055247,0.22099447513812148,0.38121546961325964,0.33149171270718236,0
0.5082872928176793,0.49723756906077343,0.4640883977900554,0.5469613259668507,0.6408839779005523,0.8176795580110497,0.7955801104972375,0.7458563535911602,0.7679558011049724,1.0,0.9613259668508286,0.9447513812154693,0.9613259668508286,0.7955801104972375,0.5359116022099448,0.03314917127071826,0.0,0.23756906077348075,0.20994475138121566,0.12154696132596696,0.14917127071823205,0.13812154696132573,0.11602209944751354,0.18784530386740347,0.22651933701657442,0.4088397790055247,0.22099447513812148,0.38121546961325964,0.33149171270718236,0.3425414364640882,0
0.49723756906077343,0.4640883977900554,0.5469613259668507,0.6408839779005523,0.8176795580110497,0.7955801104972375,0.7458563535911602,0.7679558011049724,1.0,0.9613259668508286,0.9447513812154693,0.9613259668508286,0.7955801104972375,0.5359116022099448,0.03314917127071826,0.0,0.23756906077348075,0.20994475138121566,0.12154696132596696,0.14917127071823205,0.13812154696132573,0.11602209944751354,0.18784530386740347,0.22651933701657442,0.4088397790055247,0.22099447513812148,0.38121546961325964,0.33149171270718236,0.3425414364640882,0.14364640883977914,1
0.4640883977900554,0.5469613259668507,0.6408839779005523,0.8176795580110497,0.7955801104972375,0.7458563535911602,0.7679558011049724,1.0,0.9613259668508286,0.9447513812154693,0.9613259668508286,0.7955801104972375,0.5359116022099448,0.03314917127071826,0.0,0.23756906077348075,0.20994475138121566,0.12154696132596696,0.14917127071823205,0.13812154696132573,0.11602209944751354,0.18784530386740347,0.22651933701657442,0.4088397790055247,0.22099447513812148,0.38121546961325964,0.33149171270718236,0.3425414364640882,0.14364640883977914,0.20441988950276224,0
0.5469613259668507,0.6408839779005523,0.8176795580110497,0.7955801104972375,0.7458563535911602,0.7679558011049724,1.0,0.9613259668508286,0.9447513812154693,0.9613259668508286,0.7955801104972375,0.5359116022099448,0.03314917127071826,0.0,0.23756906077348075,0.20994475138121566,0.12154696132596696,0.14917127071823205,0.13812154696132573,0.11602209944751354,0.18784530386740347,0.22651933701657442,0.4088397790055247,0.22099447513812148,0.38121546961325964,0.33149171270718236,0.3425414364640882,0.14364640883977914,0.20441988950276224,0.17127071823204423,0
0.6408839779005523,0.8176795580110497,0.7955801104972375,0.7458563535911602,0.7679558011049724,1.0,0.9613259668508286,0.9447513812154693,0.9613259668508286,0.7955801104972375,0.5359116022099448,0.03314917127071826,0.0,0.23756906077348075,0.20994475138121566,0.12154696132596696,0.14917127071823205,0.13812154696132573,0.11602209944751354,0.18784530386740347,0.22651933701657442,0.4088397790055247,0.22099447513812148,0.38121546961325964,0.33149171270718236,0.3425414364640882,0.14364640883977914,0.20441988950276224,0.17127071823204423,0.13812154696132573,1
0.8176795580110497,0.7955801104972375,0.7458563535911602,0.7679558011049724,1.0,0.9613259668508286,0.9447513812154693,0.9613259668508286,0.7955801104972375,0.5359116022099448,0.03314917127071826,0.0,0.23756906077348075,0.20994475138121566,0.12154696132596696,0.14917127071823205,0.13812154696132573,0.11602209944751354,0.18784530386740347,0.22651933701657442,0.4088397790055247,0.22099447513812148,0.38121546961325964,0.33149171270718236,0.3425414364640882,0.14364640883977914,0.20441988950276224,0.17127071823204423,0.13812154696132573,0.13259668508287278,1
0.7955801104972375,0.7458563535911602,0.7679558011049724,1.0,0.9613259668508286,0.9447513812154693,0.9613259668508286,0.7955801104972375,0.5359116022099448,0.03314917127071826,0.0,0.23756906077348075,0.20994475138121566,0.12154696132596696,0.14917127071823205,0.13812154696132573,0.11602209944751354,0.18784530386740347,0.22651933701657442,0.4088397790055247,0.22099447513812148,0.38121546961325964,0.33149171270718236,0.3425414364640882,0.14364640883977914,0.20441988950276224,0.17127071823204423,0.13812154696132573,0.13259668508287278,0.1657458563535913,0
0.7458563535911602,0.7679558011049724,1.0,0.9613259668508286,0.9447513812154693,0.9613259668508286,0.7955801104972375,0.5359116022099448,0.03314917127071826,0.0,0.23756906077348075,0.20994475138121566,0.12154696132596696,0.14917127071823205,0.13812154696132573,0.11602209944751354,0.18784530386740347,0.22651933701657442,0.4088397790055247,0.22099447513812148,0.38121546961325964,0.33149171270718236,0.3425414364640882,0.14364640883977914,0.20441988950276224,0.17127071823204423,0.13812154696132573,0.13259668508287278,0.1657458563535913,0.16022099447513788,1
0.7679558011049724,1.0,0.9613259668508286,0.9447513812154693,0.9613259668508286,0.7955801104972375,0.5359116022099448,0.03314917127071826,0.0,0.23756906077348075,0.20994475138121566,0.12154696132596696,0.14917127071823205,0.13812154696132573,0.11602209944751354,0.18784530386740347,0.22651933701657442,0.4088397790055247,0.22099447513812148,0.38121546961325964,0.33149171270718236,0.3425414364640882,0.14364640883977914,0.20441988950276224,0.17127071823204423,0.13812154696132573,0.13259668508287278,0.1657458563535913,0.16022099447513788,0.1657458563535913,0
1.0,0.9613259668508286,0.9447513812154693,0.9613259668508286,0.7955801104972375,0.5359116022099448,0.03314917127071826,0.0,0.23756906077348075,0.20994475138121566,0.12154696132596696,0.14917127071823205,0.13812154696132573,0.11602209944751354,0.18784530386740347,0.22651933701657442,0.4088397790055247,0.22099447513812148,0.38121546961325964,0.33149171270718236,0.3425414364640882,0.14364640883977914,0.20441988950276224,0.17127071823204423,0.13812154696132573,0.13259668508287278,0.1657458563535913,0.16022099447513788,0.1657458563535913,0.17127071823204423,1
1.0,0.982758620689655,1.0,0.8275862068965518,0.5574712643678162,0.03448275862068969,0.0,0.2471264367816093,0.21839080459770138,0.12643678160919553,0.15517241379310348,0.14367816091954,0.12068965517241353,0.19540229885057492,0.23563218390804583,0.425287356321839,0.22988505747126434,0.39655172413793105,0.34482758620689663,0.3563218390804596,0.149425287356322,0.21264367816091936,0.17816091954022995,0.14367816091954,0.1379310344827585,0.17241379310344845,0.16666666666666646,0.17241379310344845,0.17816091954022995,0.16091954022988497,1
0.982758620689655,1.0,0.8275862068965518,0.5574712643678162,0.03448275862068969,0.0,0.2471264367816093,0.21839080459770138,0.12643678160919553,0.15517241379310348,0.14367816091954,0.12068965517241353,0.19540229885057492,0.23563218390804583,0.425287356321839,0.22988505747126434,0.39655172413793105,0.34482758620689663,0.3563218390804596,0.149425287356322,0.21264367816091936,0.17816091954022995,0.14367816091954,0.1379310344827585,0.17241379310344845,0.16666666666666646,0.17241379310344845,0.17816091954022995,0.16091954022988497,0.19540229885057492,0
1.0,0.8275862068965518,0.5574712643678162,0.03448275862068969,0.0,0.2471264367816093,0.21839080459770138,0.12643678160919553,0.15517241379310348,0.14367816091954,0.12068965517241353,0.19540229885057492,0.23563218390804583,0.425287356321839,0.22988505747126434,0.39655172413793105,0.34482758620689663,0.3563218390804596,0.149425287356322,0.21264367816091936,0.17816091954022995,0.14367816091954,0.1379310344827585,0.17241379310344845,0.16666666666666646,0.17241379310344845,0.17816091954022995,0.16091954022988497,0.19540229885057492,0.17241379310344845,0
1.0,0.6736111111111113,0.041666666666666706,0.0,0.2986111111111112,0.2638888888888891,0.15277777777777793,0.18750000000000003,0.1736111111111108,0.145833333333333,0.23611111111111133,0.28472222222222204,0.5138888888888887,0.27777777777777773,0.47916666666666663,0.41666666666666674,0.43055555555555536,0.18055555555555572,0.2569444444444442,0.21527777777777782,0.1736111111111108,0.16666666666666652,0.20833333333333354,0.20138888888888862,0.20833333333333354,0.21527777777777782,0.1944444444444443,0.23611111111111133,0.20833333333333354,0.20833333333333354,0
1.0,0.06185567010309283,0.0,0.44329896907216504,0.3917525773195879,0.22680412371134037,0.2783505154639175,0.25773195876288607,0.2164948453608242,0.350515463917526,0.42268041237113363,0.762886597938144,0.41237113402061837,0.7113402061855668,0.6185567010309277,0.6391752577319583,0.2680412371134022,0.38144329896907175,0.31958762886597936,0.25773195876288607,0.24742268041237084,0.30927835051546415,0.29896907216494795,0.30927835051546415,0.31958762886597936,0.28865979381443274,0.350515463917526,0.30927835051546415,0.30927835051546415,0.28865979381443274,0
0.08108108108108118,0.0,0.5810810810810815,0.5135135135135142,0.29729729729729765,0.364864864864865,0.33783783783783733,0.2837837837837832,0.45945945945946,0.5540540540540538,1.0,0.5405405405405406,0.9324324324324327,0.8108108108108112,0.8378378378378376,0.35135135135135176,0.4999999999999997,0.41891891891891914,0.33783783783783733,0.3243243243243241,0.40540540540540587,0.39189189189189144,0.40540540540540587,0.41891891891891914,0.37837837837837823,0.45945945945946,0.40540540540540587,0.40540540540540587,0.37837837837837823,0.364864864864865,0
0.0,0.5810810810810815,0.5135135135135142,0.29729729729729765,0.364864864864865,0.33783783783783733,0.2837837837837832,0.45945945945946,0.5540540540540538,1.0,0.5405405405405406,0.9324324324324327,0.8108108108108112,0.8378378378378376,0.35135135135135176,0.4999999999999997,0.41891891891891914,0.33783783783783733,0.3243243243243241,0.40540540540540587,0.39189189189189144,0.40540540540540587,0.41891891891891914,0.37837837837837823,0.45945945945946,0.40540540540540587,0.40540540540540587,0.37837837837837823,0.364864864864865,0.25675675675675674,1
0.4363636363636369,0.3454545454545463,0.054545454545455015,0.14545454545454564,0.10909090909090842,0.0363636363636356,0.2727272727272735,0.3999999999999997,1.0,0.3818181818181819,0.9090909090909094,0.7454545454545459,0.7818181818181815,0.12727272727272784,0.3272727272727269,0.21818181818181845,0.10909090909090842,0.09090909090909062,0.20000000000000065,0.18181818181818124,0.20000000000000065,0.21818181818181845,0.16363636363636344,0.2727272727272735,0.20000000000000065,0.20000000000000065,0.16363636363636344,0.14545454545454564,0.0,0.0363636363636356,0
0.3454545454545463,0.054545454545455015,0.14545454545454564,0.10909090909090842,0.0363636363636356,0.2727272727272735,0.3999999999999997,1.0,0.3818181818181819,0.9090909090909094,0.7454545454545459,0.7818181818181815,0.12727272727272784,0.3272727272727269,0.21818181818181845,0.10909090909090842,0.09090909090909062,0.20000000000000065,0.18181818181818124,0.20000000000000065,0.21818181818181845,0.16363636363636344,0.2727272727272735,0.20000000000000065,0.20000000000000065,0.16363636363636344,0.14545454545454564,0.0,0.0363636363636356,0.054545454545455015,0
0.07142857142857154,0.16071428571428556,0.12499999999999901,0.053571428571427465,0.28571428571428614,0.4107142857142852,1.0,0.3928571428571427,0.9107142857142859,0.7500000000000004,0.7857142857142854,0.14285714285714307,0.33928571428571364,0.23214285714285712,0.12499999999999901,0.10714285714285653,0.21428571428571463,0.19642857142857056,0.21428571428571463,0.23214285714285712,0.17857142857142805,0.28571428571428614,0.21428571428571463,0.21428571428571463,0.17857142857142805,0.16071428571428556,0.01785714285714249,0.053571428571427465,0.07142857142857154,0.0,0
0.24193548387096772,0.20967741935483794,0.14516129032257977,0.3548387096774199,0.46774193548387055,1.0,0.4516129032258064,0.9193548387096777,0.7741935483870972,0.8064516129032255,0.22580645161290355,0.40322580645161243,0.30645161290322587,0.20967741935483794,0.19354838709677374,0.2903225806451617,0.2741935483870961,0.2903225806451617,0.30645161290322587,0.2580645161290319,0.3548387096774199,0.2903225806451617,0.2903225806451617,0.2580645161290319,0.24193548387096772,0.11290322580645142,0.14516129032257977,0.16129032258064538,0.09677419354838723,0.0,0
0.22222222222222177,0.1587301587301582,0.36507936507936584,0.476190476190476,1.0,0.46031746031746046,0.9206349206349209,0.7777777777777782,0.8095238095238093,0.2380952380952387,0.41269841269841245,0.3174603174603178,0.22222222222222177,0.20634920634920623,0.30158730158730224,0.2857142857142853,0.30158730158730224,0.3174603174603178,0.26984126984126977,0.36507936507936584,0.30158730158730224,0.30158730158730224,0.26984126984126977,0.25396825396825423,0.12698412698412712,0.1587301587301582,0.17460317460317515,0.11111111111111158,0.015873015873016243,0.0,1
0.1587301587301582,0.36507936507936584,0.476190476190476,1.0,0.46031746031746046,0.9206349206349209,0.7777777777777782,0.8095238095238093,0.2380952380952387,0.41269841269841245,0.3174603174603178,0.22222222222222177,0.20634920634920623,0.30158730158730224,0.2857142857142853,0.30158730158730224,0.3174603174603178,0.26984126984126977,0.36507936507936584,0.30158730158730224,0.30158730158730224,0.26984126984126977,0.25396825396825423,0.12698412698412712,0.1587301587301582,0.17460317460317515,0.11111111111111158,0.015873015873016243,0.0,0.015873015873016243,1
0.36507936507936584,0.476190476190476,1.0,0.46031746031746046,0.9206349206349209,0.7777777777777782,0.8095238095238093,0.2380952380952387,0.41269841269841245,0.3174603174603178,0.22222222222222177,0.20634920634920623,0.30158730158730224,0.2857142857142853,0.30158730158730224,0.3174603174603178,0.26984126984126977,0.36507936507936584,0.30158730158730224,0.30158730158730224,0.26984126984126977,0.25396825396825423,0.12698412698412712,0.1587301587301582,0.17460317460317515,0.11111111111111158,0.015873015873016243,0.0,0.015873015873016243,0.1904761904761907,0
0.476190476190476,1.0,0.46031746031746046,0.9206349206349209,0.7777777777777782,0.8095238095238093,0.2380952380952387,0.41269841269841245,0.3174603174603178,0.22222222222222177,0.20634920634920623,0.30158730158730224,0.2857142857142853,0.30158730158730224,0.3174603174603178,0.26984126984126977,0.36507936507936584,0.30158730158730224,0.30158730158730224,0.26984126984126977,0.25396825396825423,0.12698412698412712,0.1587301587301582,0.17460317460317515,0.11111111111111158,0.015873015873016243,0.0,0.015873015873016243,0.1904761904761907,0.1587301587301582,0
1.0,0.46031746031746046,0.9206349206349209,0.7777777777777782,0.8095238095238093,0.2380952380952387,0.41269841269841245,0.3174603174603178,0.22222222222222177,0.20634920634920623,0.30158730158730224,0.2857142857142853,0.30158730158730224,0.3174603174603178,0.26984126984126977,0.36507936507936584,0.30158730158730224,0.30158730158730224,0.26984126984126977,0.25396825396825423,0.12698412698412712,0.1587301587301582,0.17460317460317515,0.11111111111111158,0.015873015873016243,0.0,0.015873015873016243,0.1904761904761907,0.1587301587301582,0.0793650793650791,0
0.573529411764706,1.0,0.8676470588235297,0.8970588235294114,0.36764705882353,0.529411764705882,0.44117647058823556,0.3529411764705878,0.33823529411764697,0.4264705882352947,0.41176470588235253,0.4264705882352947,0.44117647058823556,0.3970588235294117,0.4852941176470595,0.4264705882352947,0.4264705882352947,0.3970588235294117,0.38235294117647084,0.26470588235294135,0.2941176470588231,0.3088235294117652,0.2500000000000005,0.16176470588235337,0.14705882352941185,0.16176470588235337,0.3235294117647061,0.2941176470588231,0.22058823529411747,0.0,0
1.0,0.9000000000000001,0.9222222222222219,0.5222222222222225,0.644444444444444,0.5777777777777778,0.5111111111111106,0.4999999999999998,0.566666666666667,0.5555555555555551,0.566666666666667,0.5777777777777778,0.5444444444444443,0.6111111111111115,0.566666666666667,0.566666666666667,0.5444444444444443,0.5333333333333333,0.44444444444444436,0.4666666666666661,0.477777777777778,0.4333333333333335,0.3666666666666668,0.3555555555555554,0.3666666666666668,0.4888888888888889,0.4666666666666661,0.41111111111111076,0.2444444444444442,0.0,1
0.9759036144578318,1.0,0.5662650602409643,0.6987951807228915,0.6265060240963859,0.5542168674698792,0.5421686746987951,0.6144578313253017,0.6024096385542166,0.6144578313253017,0.6265060240963859,0.5903614457831325,0.6626506024096391,0.6144578313253017,0.6144578313253017,0.5903614457831325,0.5783132530120484,0.4819277108433736,0.5060240963855418,0.518072289156627,0.4698795180722895,0.3975903614457834,0.38554216867469876,0.3975903614457834,0.530120481927711,0.5060240963855418,0.44578313253012025,0.2650602409638552,0.0,0.09638554216867483,1
1.0,0.5662650602409643,0.6987951807228915,0.6265060240963859,0.5542168674698792,0.5421686746987951,0.6144578313253017,0.6024096385542166,0.6144578313253017,0.6265060240963859,0.5903614457831325,0.6626506024096391,0.6144578313253017,0.6144578313253017,0.5903614457831325,0.5783132530120484,0.4819277108433736,0.5060240963855418,0.518072289156627,0.4698795180722895,0.3975903614457834,0.38554216867469876,0.3975903614457834,0.530120481927711,0.5060240963855418,0.44578313253012025,0.2650602409638552,0.0,0.09638554216867483,0.1325301204819276,0
0.8103448275862077,1.0,0.8965517241379316,0.7931034482758618,0.7758620689655172,0.8793103448275872,0.8620689655172412,0.8793103448275872,0.8965517241379316,0.8448275862068967,0.9482758620689666,0.8793103448275872,0.8793103448275872,0.8448275862068967,0.8275862068965523,0.6896551724137934,0.7241379310344823,0.7413793103448283,0.672413793103449,0.5689655172413798,0.5517241379310346,0.5689655172413798,0.7586206896551728,0.7241379310344823,0.6379310344827585,0.379310344827586,0.0,0.13793103448275884,0.189655172413793,0.15517241379310331,1
1.0,0.8965517241379316,0.7931034482758618,0.7758620689655172,0.8793103448275872,0.8620689655172412,0.8793103448275872,0.8965517241379316,0.8448275862068967,0.9482758620689666,0.8793103448275872,0.8793103448275872,0.8448275862068967,0.8275862068965523,0.6896551724137934,0.7241379310344823,0.7413793103448283,0.672413793103449,0.5689655172413798,0.5517241379310346,0.5689655172413798,0.7586206896551728,0.7241379310344823,0.6379310344827585,0.379310344827586,0.0,0.13793103448275884,0.189655172413793,0.15517241379310331,0.20689655172413748,1
0.945454545454545,0.8363636363636351,0.8181818181818173,0.9272727272727272,0.9090909090909078,0.9272727272727272,0.945454545454545,0.8909090909090901,1.0,0.9272727272727272,0.9272727272727272,0.8909090909090901,0.8727272727272722,0.7272727272727267,0.7636363636363623,0.7818181818181817,0.709090909090909,0.5999999999999999,0.5818181818181812,0.5999999999999999,0.7999999999999995,0.7636363636363623,0.6727272727272718,0.39999999999999936,0.0,0.1454545454545455,0.19999999999999968,0.1636363636363633,0.21818181818181745,0.25454545454545385,0
0.8363636363636351,0.8181818181818173,0.9272727272727272,0.9090909090909078,0.9272727272727272,0.945454545454545,0.8909090909090901,1.0,0.9272727272727272,0.9272727272727272,0.8909090909090901,0.8727272727272722,0.7272727272727267,0.7636363636363623,0.7818181818181817,0.709090909090909,0.5999999999999999,0.5818181818181812,0.5999999999999999,0.7999999999999995,0.7636363636363623,0.6727272727272718,0.39999999999999936,0.0,0.1454545454545455,0.19999999999999968,0.1636363636363633,0.21818181818181745,0.25454545454545385,0.27272727272727243,0
0.8181818181818173,0.9272727272727272,0.9090909090909078,0.9272727272727272,0.945454545454545,0.8909090909090901,1.0,0.9272727272727272,0.9272727272727272,0.8909090909090901,0.8727272727272722,0.7272727272727267,0.7636363636363623,0.7818181818181817,0.709090909090909,0.5999999999999999,0.5818181818181812,0.5999999999999999,0.7999999999999995,0.7636363636363623,0.6727272727272718,0.39999999999999936,0.0,0.1454545454545455,0.19999999999999968,0.1636363636363633,0.21818181818181745,0.25454545454545385,0.27272727272727243,0.21818181818181745,0
0.9272727272727272,0.9090909090909078,0.9272727272727272,0.945454545454545,0.8909090909090901,1.0,0.9272727272727272,0.9272727272727272,0.8909090909090901,0.8727272727272722,0.7272727272727267,0.7636363636363623,0.7818181818181817,0.709090909090909,0.5999999999999999,0.5818181818181812,0.5999999999999999,0.7999999999999995,0.7636363636363623,0.6727272727272718,0.39999999999999936,0.0,0.1454545454545455,0.19999999999999968,0.1636363636363633,0.21818181818181745,0.25454545454545385,0.27272727272727243,0.21818181818181745,0.1454545454545455,1
0.9090909090909078,0.9272727272727272,0.945454545454545,0.8909090909090901,1.0,0.9272727272727272,0.9272727272727272,0.8909090909090901,0.8727272727272722,0.7272727272727267,0.7636363636363623,0.7818181818181817,0.709090909090909,0.5999999999999999,0.5818181818181812,0.5999999999999999,0.7999999999999995,0.7636363636363623,0.6727272727272718,0.39999999999999936,0.0,0.1454545454545455,0.19999999999999968,0.1636363636363633,0.21818181818181745,0.25454545454545385,0.27272727272727243,0.21818181818181745,0.1454545454545455,0.18181818181818188,0
0.9272727272727272,0.945454545454545,0.8909090909090901,1.0,0.9272727272727272,0.9272727272727272,0.8909090909090901,0.8727272727272722,0.7272727272727267,0.7636363636363623,0.7818181818181817,0.709090909090909,0.5999999999999999,0.5818181818181812,0.5999999999999999,0.7999999999999995,0.7636363636363623,0.6727272727272718,0.39999999999999936,0.0,0.1454545454545455,0.19999999999999968,0.1636363636363633,0.21818181818181745,0.25454545454545385,0.27272727272727243,0.21818181818181745,0.1454545454545455,0.18181818181818188,0.12727272727272693,0
0.945454545454545,0.8909090909090901,1.0,0.9272727272727272,0.9272727272727272,0.8909090909090901,0.8727272727272722,0.7272727272727267,0.7636363636363623,0.7818181818181817,0.709090909090909,0.5999999999999999,0.5818181818181812,0.5999999999999999,0.7999999999999995,0.7636363636363623,0.6727272727272718,0.39999999999999936,0.0,0.1454545454545455,0.19999999999999968,0.1636363636363633,0.21818181818181745,0.25454545454545385,0.27272727272727243,0.21818181818181745,0.1454545454545455,0.18181818181818188,0.12727272727272693,0.12727272727272693,0
0.8909090909090901,1.0,0.9272727272727272,0.9272727272727272,0.8909090909090901,0.8727272727272722,0.7272727272727267,0.7636363636363623,0.7818181818181817,0.709090909090909,0.5999999999999999,0.5818181818181812,0.5999999999999999,0.7999999999999995,0.7636363636363623,0.6727272727272718,0.39999999999999936,0.0,0.1454545454545455,0.19999999999999968,0.1636363636363633,0.21818181818181745,0.25454545454545385,0.27272727272727243,0.21818181818181745,0.1454545454545455,0.18181818181818188,0.12727272727272693,0.12727272727272693,0.018181818181817785,0
1.0,0.9344262295081966,0.9344262295081966,0.9016393442622943,0.8852459016393438,0.7540983606557372,0.7868852459016382,0.8032786885245901,0.7377049180327868,0.6393442622950818,0.6229508196721306,0.6393442622950818,0.8196721311475406,0.7868852459016382,0.7049180327868844,0.4590163934426224,0.09836065573770496,0.22950819672131156,0.2786885245901637,0.245901639344262,0.29508196721311414,0.32786885245901576,0.344262295081967,0.29508196721311414,0.22950819672131156,0.2622950819672132,0.21311475409836036,0.21311475409836036,0.11475409836065542,0.0,1
1.0,1.0,0.9649122807017536,0.9473684210526312,0.8070175438596486,0.8421052631578935,0.8596491228070174,0.7894736842105262,0.6842105263157894,0.6666666666666662,0.6842105263157894,0.8771929824561399,0.8421052631578935,0.7543859649122798,0.491228070175438,0.10526315789473688,0.2456140350877194,0.2982456140350874,0.2631578947368418,0.31578947368420984,0.3508771929824555,0.3684210526315787,0.31578947368420984,0.2456140350877194,0.280701754385965,0.2280701754385962,0.2280701754385962,0.12280701754385931,0.0,0.10526315789473688,0
1.0,0.9649122807017536,0.9473684210526312,0.8070175438596486,0.8421052631578935,0.8596491228070174,0.7894736842105262,0.6842105263157894,0.6666666666666662,0.6842105263157894,0.8771929824561399,0.8421052631578935,0.7543859649122798,0.491228070175438,0.10526315789473688,0.2456140350877194,0.2982456140350874,0.2631578947368418,0.31578947368420984,0.3508771929824555,0.3684210526315787,0.31578947368420984,0.2456140350877194,0.280701754385965,0.2280701754385962,0.2280701754385962,0.12280701754385931,0.0,0.10526315789473688,0.035087719298245626,1
1.0,0.9818181818181821,0.8363636363636365,0.8727272727272721,0.8909090909090915,0.8181818181818188,0.7090909090909095,0.6909090909090909,0.7090909090909095,0.9090909090909094,0.8727272727272721,0.7818181818181815,0.5090909090909089,0.10909090909090922,0.25454545454545485,0.3090909090909091,0.27272727272727265,0.3272727272727269,0.36363636363636326,0.3818181818181819,0.3272727272727269,0.25454545454545485,0.2909090909090913,0.23636363636363625,0.23636363636363625,0.127272727272727,0.0,0.10909090909090922,0.03636363636363641,0.05454545454545421,1
1.0,0.8518518518518517,0.888888888888888,0.9074074074074078,0.8333333333333336,0.7222222222222224,0.7037037037037035,0.7222222222222224,0.9259259259259258,0.888888888888888,0.7962962962962957,0.5185185185185182,0.1111111111111112,0.25925925925925947,0.31481481481481466,0.27777777777777757,0.33333333333333276,0.37037037037036985,0.3888888888888888,0.33333333333333276,0.25925925925925947,0.29629629629629656,0.24074074074074053,0.24074074074074053,0.12962962962962932,0.0,0.1111111111111112,0.03703703703703707,0.05555555555555519,0.03703703703703707,1
0.9199999999999999,0.9599999999999991,0.9800000000000004,0.9000000000000004,0.7800000000000002,0.7599999999999998,0.7800000000000002,1.0,0.9599999999999991,0.8599999999999994,0.5599999999999996,0.1200000000000001,0.28000000000000025,0.33999999999999986,0.2999999999999998,0.35999999999999943,0.39999999999999947,0.41999999999999993,0.35999999999999943,0.28000000000000025,0.3200000000000003,0.2599999999999998,0.2599999999999998,0.13999999999999968,0.0,0.1200000000000001,0.040000000000000036,0.05999999999999961,0.040000000000000036,0.08000000000000007,1
0.9599999999999991,0.9800000000000004,0.9000000000000004,0.7800000000000002,0.7599999999999998,0.7800000000000002,1.0,0.9599999999999991,0.8599999999999994,0.5599999999999996,0.1200000000000001,0.28000000000000025,0.33999999999999986,0.2999999999999998,0.35999999999999943,0.39999999999999947,0.41999999999999993,0.35999999999999943,0.28000000000000025,0.3200000000000003,0.2599999999999998,0.2599999999999998,0.13999999999999968,0.0,0.1200000000000001,0.040000000000000036,0.05999999999999961,0.040000000000000036,0.08000000000000007,0.08000000000000007,1
0.9800000000000004,0.9000000000000004,0.7800000000000002,0.7599999999999998,0.7800000000000002,1.0,0.9599999999999991,0.8599999999999994,0.5599999999999996,0.1200000000000001,0.28000000000000025,0.33999999999999986,0.2999999999999998,0.35999999999999943,0.39999999999999947,0.41999999999999993,0.35999999999999943,0.28000000000000025,0.3200000000000003,0.2599999999999998,0.2599999999999998,0.13999999999999968,0.0,0.1200000000000001,0.040000000000000036,0.05999999999999961,0.040000000000000036,0.08000000000000007,0.08000000000000007,0.16000000000000014,1
0.9000000000000004,0.7800000000000002,0.7599999999999998,0.7800000000000002,1.0,0.9599999999999991,0.8599999999999994,0.5599999999999996,0.1200000000000001,0.28000000000000025,0.33999999999999986,0.2999999999999998,0.35999999999999943,0.39999999999999947,0.41999999999999993,0.35999999999999943,0.28000000000000025,0.3200000000000003,0.2599999999999998,0.2599999999999998,0.13999999999999968,0.0,0.1200000000000001,0.040000000000000036,0.05999999999999961,0.040000000000000036,0.08000000000000007,0.08000000000000007,0.16000000000000014,0.7000000000000002,0
0.7800000000000002,0.7599999999999998,0.7800000000000002,1.0,0.9599999999999991,0.8599999999999994,0.5599999999999996,0.1200000000000001,0.28000000000000025,0.33999999999999986,0.2999999999999998,0.35999999999999943,0.39999999999999947,0.41999999999999993,0.35999999999999943,0.28000000000000025,0.3200000000000003,0.2599999999999998,0.2599999999999998,0.13999999999999968,0.0,0.1200000000000001,0.040000000000000036,0.05999999999999961,0.040000000000000036,0.08000000000000007,0.08000000000000007,0.16000000000000014,0.7000000000000002,0.5599999999999996,0
0.7599999999999998,0.7800000000000002,1.0,0.9599999999999991,0.8599999999999994,0.5599999999999996,0.1200000000000001,0.28000000000000025,0.33999999999999986,0.2999999999999998,0.35999999999999943,0.39999999999999947,0.41999999999999993,0.35999999999999943,0.28000000000000025,0.3200000000000003,0.2599999999999998,0.2599999999999998,0.13999999999999968,0.0,0.1200000000000001,0.040000000000000036,0.05999999999999961,0.040000000000000036,0.08000000000000007,0.08000000000000007,0.16000000000000014,0.7000000000000002,0.5599999999999996,0.4399999999999995,0
0.7800000000000002,1.0,0.9599999999999991,0.8599999999999994,0.5599999999999996,0.1200000000000001,0.28000000000000025,0.33999999999999986,0.2999999999999998,0.35999999999999943,0.39999999999999947,0.41999999999999993,0.35999999999999943,0.28000000000000025,0.3200000000000003,0.2599999999999998,0.2599999999999998,0.13999999999999968,0.0,0.1200000000000001,0.040000000000000036,0.05999999999999961,0.040000000000000036,0.08000000000000007,0.08000000000000007,0.16000000000000014,0.7000000000000002,0.5599999999999996,0.4399999999999995,0.5,0
1.0,0.9599999999999991,0.8599999999999994,0.5599999999999996,0.1200000000000001,0.28000000000000025,0.33999999999999986,0.2999999999999998,0.35999999999999943,0.39999999999999947,0.41999999999999993,0.35999999999999943,0.28000000000000025,0.3200000000000003,0.2599999999999998,0.2599999999999998,0.13999999999999968,0.0,0.1200000000000001,0.040000000000000036,0.05999999999999961,0.040000000000000036,0.08000000000000007,0.08000000000000007,0.16000000000000014,0.7000000000000002,0.5599999999999996,0.4399999999999995,0.5,0.3200000000000003,1
1.0,0.8958333333333336,0.5833333333333335,0.12500000000000022,0.2916666666666672,0.35416666666666685,0.3125000000000001,0.3749999999999998,0.4166666666666665,0.43750000000000033,0.3749999999999998,0.2916666666666672,0.3333333333333339,0.27083333333333337,0.27083333333333337,0.14583333333333315,0.0,0.12500000000000022,0.04166666666666674,0.06249999999999965,0.04166666666666674,0.08333333333333348,0.08333333333333348,0.16666666666666696,0.7291666666666675,0.5833333333333335,0.45833333333333326,0.5208333333333338,0.3333333333333339,0.3333333333333339,1
1.0,0.6511627906976744,0.13953488372093045,0.32558139534883773,0.3953488372093024,0.3488372093023256,0.41860465116279033,0.4651162790697671,0.48837209302325607,0.41860465116279033,0.32558139534883773,0.3720930232558145,0.30232558139534876,0.30232558139534876,0.16279069767441834,0.0,0.13953488372093045,0.04651162790697681,0.06976744186046471,0.04651162790697681,0.09302325581395363,0.09302325581395363,0.18604651162790725,0.8139534883720938,0.6511627906976744,0.511627906976744,0.5813953488372097,0.3720930232558145,0.3720930232558145,0.41860465116279033,1
0.7999999999999993,0.17142857142857154,0.40000000000000024,0.4857142857142854,0.4285714285714282,0.5142857142857133,0.5714285714285705,0.5999999999999998,0.5142857142857133,0.40000000000000024,0.4571428571428574,0.37142857142857105,0.37142857142857105,0.19999999999999948,0.0,0.17142857142857154,0.057142857142857176,0.08571428571428513,0.057142857142857176,0.11428571428571435,0.11428571428571435,0.2285714285714287,1.0,0.7999999999999993,0.6285714285714277,0.7142857142857141,0.4571428571428574,0.4571428571428574,0.5142857142857133,0.6285714285714277,1
0.17142857142857154,0.40000000000000024,0.4857142857142854,0.4285714285714282,0.5142857142857133,0.5714285714285705,0.5999999999999998,0.5142857142857133,0.40000000000000024,0.4571428571428574,0.37142857142857105,0.37142857142857105,0.19999999999999948,0.0,0.17142857142857154,0.057142857142857176,0.08571428571428513,0.057142857142857176,0.11428571428571435,0.11428571428571435,0.2285714285714287,1.0,0.7999999999999993,0.6285714285714277,0.7142857142857141,0.4571428571428574,0.4571428571428574,0.5142857142857133,0.6285714285714277,0.6285714285714277,1
0.40000000000000024,0.4857142857142854,0.4285714285714282,0.5142857142857133,0.5714285714285705,0.5999999999999998,0.5142857142857133,0.40000000000000024,0.4571428571428574,0.37142857142857105,0.37142857142857105,0.19999999999999948,0.0,0.17142857142857154,0.057142857142857176,0.08571428571428513,0.057142857142857176,0.11428571428571435,0.11428571428571435,0.2285714285714287,1.0,0.7999999999999993,0.6285714285714277,0.7142857142857141,0.4571428571428574,0.4571428571428574,0.5142857142857133,0.6285714285714277,0.6285714285714277,0.7142857142857141,1
0.4857142857142854,0.4285714285714282,0.5142857142857133,0.5714285714285705,0.5999999999999998,0.5142857142857133,0.40000000000000024,0.4571428571428574,0.37142857142857105,0.37142857142857105,0.19999999999999948,0.0,0.17142857142857154,0.057142857142857176,0.08571428571428513,0.057142857142857176,0.11428571428571435,0.11428571428571435,0.2285714285714287,1.0,0.7999999999999993,0.6285714285714277,0.7142857142857141,0.4571428571428574,0.4571428571428574,0.5142857142857133,0.6285714285714277,0.6285714285714277,0.7142857142857141,0.6857142857142848,1
0.4285714285714282,0.5142857142857133,0.5714285714285705,0.5999999999999998,0.5142857142857133,0.40000000000000024,0.4571428571428574,0.37142857142857105,0.37142857142857105,0.19999999999999948,0.0,0.17142857142857154,0.057142857142857176,0.08571428571428513,0.057142857142857176,0.11428571428571435,0.11428571428571435,0.2285714285714287,1.0,0.7999999999999993,0.6285714285714277,0.7142857142857141,0.4571428571428574,0.4571428571428574,0.5142857142857133,0.6285714285714277,0.6285714285714277,0.7142857142857141,0.6857142857142848,0.8857142857142857,1
0.41860465116279033,0.4651162790697671,0.48837209302325607,0.41860465116279033,0.32558139534883773,0.3720930232558145,0.30232558139534876,0.30232558139534876,0.16279069767441834,0.0,0.13953488372093045,0.04651162790697681,0.06976744186046471,0.04651162790697681,0.09302325581395363,0.09302325581395363,0.18604651162790725,0.8139534883720938,0.6511627906976744,0.511627906976744,0.5813953488372097,0.3720930232558145,0.3720930232558145,0.41860465116279033,0.511627906976744,0.511627906976744,0.5813953488372097,0.5581395348837208,0.7209302325581401,1.0,0
0.4651162790697671,0.48837209302325607,0.41860465116279033,0.32558139534883773,0.3720930232558145,0.30232558139534876,0.30232558139534876,0.16279069767441834,0.0,0.13953488372093045,0.04651162790697681,0.06976744186046471,0.04651162790697681,0.09302325581395363,0.09302325581395363,0.18604651162790725,0.8139534883720938,0.6511627906976744,0.511627906976744,0.5813953488372097,0.3720930232558145,0.3720930232558145,0.41860465116279033,0.511627906976744,0.511627906976744,0.5813953488372097,0.5581395348837208,0.7209302325581401,1.0,0.9302325581395353,0
0.48837209302325607,0.41860465116279033,0.32558139534883773,0.3720930232558145,0.30232558139534876,0.30232558139534876,0.16279069767441834,0.0,0.13953488372093045,0.04651162790697681,0.06976744186046471,0.04651162790697681,0.09302325581395363,0.09302325581395363,0.18604651162790725,0.8139534883720938,0.6511627906976744,0.511627906976744,0.5813953488372097,0.3720930232558145,0.3720930232558145,0.41860465116279033,0.511627906976744,0.511627906976744,0.5813953488372097,0.5581395348837208,0.7209302325581401,1.0,0.9302325581395353,0.9069767441860473,1
0.41860465116279033,0.32558139534883773,0.3720930232558145,0.30232558139534876,0.30232558139534876,0.16279069767441834,0.0,0.13953488372093045,0.04651162790697681,0.06976744186046471,0.04651162790697681,0.09302325581395363,0.09302325581395363,0.18604651162790725,0.8139534883720938,0.6511627906976744,0.511627906976744,0.5813953488372097,0.3720930232558145,0.3720930232558145,0.41860465116279033,0.511627906976744,0.511627906976744,0.5813953488372097,0.5581395348837208,0.7209302325581401,1.0,0.9302325581395353,0.9069767441860473,0.9069767441860473,1
0.32558139534883773,0.3720930232558145,0.30232558139534876,0.30232558139534876,0.16279069767441834,0.0,0.13953488372093045,0.04651162790697681,0.06976744186046471,0.04651162790697681,0.09302325581395363,0.09302325581395363,0.18604651162790725,0.8139534883720938,0.6511627906976744,0.511627906976744,0.5813953488372097,0.3720930232558145,0.3720930232558145,0.41860465116279033,0.511627906976744,0.511627906976744,0.5813953488372097,0.5581395348837208,0.7209302325581401,1.0,0.9302325581395353,0.9069767441860473,0.9069767441860473,0.9534883720930242,0
0.3720930232558145,0.30232558139534876,0.30232558139534876,0.16279069767441834,0.0,0.13953488372093045,0.04651162790697681,0.06976744186046471,0.04651162790697681,0.09302325581395363,0.09302325581395363,0.18604651162790725,0.8139534883720938,0.6511627906976744,0.511627906976744,0.5813953488372097,0.3720930232558145,0.3720930232558145,0.41860465116279033,0.511627906976744,0.511627906976744,0.5813953488372097,0.5581395348837208,0.7209302325581401,1.0,0.9302325581395353,0.9069767441860473,0.9069767441860473,0.9534883720930242,0.9069767441860473,0
0.30232558139534876,0.30232558139534876,0.16279069767441834,0.0,0.13953488372093045,0.04651162790697681,0.06976744186046471,0.04651162790697681,0.09302325581395363,0.09302325581395363,0.18604651162790725,0.8139534883720938,0.6511627906976744,0.511627906976744,0.5813953488372097,0.3720930232558145,0.3720930232558145,0.41860465116279033,0.511627906976744,0.511627906976744,0.5813953488372097,0.5581395348837208,0.7209302325581401,1.0,0.9302325581395353,0.9069767441860473,0.9069767441860473,0.9534883720930242,0.9069767441860473,0.9069767441860473,0
0.30232558139534876,0.16279069767441834,0.0,0.13953488372093045,0.04651162790697681,0.06976744186046471,0.04651162790697681,0.09302325581395363,0.09302325581395363,0.18604651162790725,0.8139534883720938,0.6511627906976744,0.511627906976744,0.5813953488372097,0.3720930232558145,0.3720930232558145,0.41860465116279033,0.511627906976744,0.511627906976744,0.5813953488372097,0.5581395348837208,0.7209302325581401,1.0,0.9302325581395353,0.9069767441860473,0.9069767441860473,0.9534883720930242,0.9069767441860473,0.9069767441860473,0.6511627906976744,0
0.16279069767441834,0.0,0.13953488372093045,0.04651162790697681,0.06976744186046471,0.04651162790697681,0.09302325581395363,0.09302325581395363,0.18604651162790725,0.8139534883720938,0.6511627906976744,0.511627906976744,0.5813953488372097,0.3720930232558145,0.3720930232558145,0.41860465116279033,0.511627906976744,0.511627906976744,0.5813953488372097,0.5581395348837208,0.7209302325581401,1.0,0.9302325581395353,0.9069767441860473,0.9069767441860473,0.9534883720930242,0.9069767441860473,0.9069767441860473,0.6511627906976744,0.5581395348837208,1
0.0,0.13953488372093045,0.04651162790697681,0.06976744186046471,0.04651162790697681,0.09302325581395363,0.09302325581395363,0.18604651162790725,0.8139534883720938,0.6511627906976744,0.511627906976744,0.5813953488372097,0.3720930232558145,0.3720930232558145,0.41860465116279033,0.511627906976744,0.511627906976744,0.5813953488372097,0.5581395348837208,0.7209302325581401,1.0,0.9302325581395353,0.9069767441860473,0.9069767441860473,0.9534883720930242,0.9069767441860473,0.9069767441860473,0.6511627906976744,0.5581395348837208,0.5581395348837208,1
0.09756097560975625,0.0,0.024390243902438522,0.0,0.04878048780487813,0.04878048780487813,0.1463414634146344,0.8048780487804885,0.6341463414634145,0.4878048780487802,0.560975609756098,0.3414634146341469,0.3414634146341469,0.39024390243902396,0.4878048780487802,0.4878048780487802,0.560975609756098,0.5365853658536583,0.7073170731707323,1.0,0.9268292682926833,0.9024390243902448,0.9024390243902448,0.9512195121951229,0.9024390243902448,0.9024390243902448,0.6341463414634145,0.5365853658536583,0.5365853658536583,0.560975609756098,0
0.0,0.024390243902438522,0.0,0.04878048780487813,0.04878048780487813,0.1463414634146344,0.8048780487804885,0.6341463414634145,0.4878048780487802,0.560975609756098,0.3414634146341469,0.3414634146341469,0.39024390243902396,0.4878048780487802,0.4878048780487802,0.560975609756098,0.5365853658536583,0.7073170731707323,1.0,0.9268292682926833,0.9024390243902448,0.9024390243902448,0.9512195121951229,0.9024390243902448,0.9024390243902448,0.6341463414634145,0.5365853658536583,0.5365853658536583,0.560975609756098,0.5121951219512199,1
0.024390243902438522,0.0,0.04878048780487813,0.04878048780487813,0.1463414634146344,0.8048780487804885,0.6341463414634145,0.4878048780487802,0.560975609756098,0.3414634146341469,0.3414634146341469,0.39024390243902396,0.4878048780487802,0.4878048780487802,0.560975609756098,0.5365853658536583,0.7073170731707323,1.0,0.9268292682926833,0.9024390243902448,0.9024390243902448,0.9512195121951229,0.9024390243902448,0.9024390243902448,0.6341463414634145,0.5365853658536583,0.5365853658536583,0.560975609756098,0.5121951219512199,0.5121951219512199,1
0.0,0.04878048780487813,0.04878048780487813,0.1463414634146344,0.8048780487804885,0.6341463414634145,0.4878048780487802,0.560975609756098,0.3414634146341469,0.3414634146341469,0.39024390243902396,0.4878048780487802,0.4878048780487802,0.560975609756098,0.5365853658536583,0.7073170731707323,1.0,0.9268292682926833,0.9024390243902448,0.9024390243902448,0.9512195121951229,0.9024390243902448,0.9024390243902448,0.6341463414634145,0.5365853658536583,0.5365853658536583,0.560975609756098,0.5121951219512199,0.5121951219512199,0.5121951219512199,1
0.0,0.0,0.09523809523809534,0.7380952380952384,0.571428571428571,0.428571428571428,0.5,0.28571428571428603,0.28571428571428603,0.33333333333333265,0.428571428571428,0.428571428571428,0.5,0.4761904761904756,0.642857142857143,0.9285714285714279,0.857142857142857,0.8333333333333337,0.8333333333333337,0.8809523809523814,0.8333333333333337,0.8333333333333337,0.571428571428571,0.4761904761904756,0.4761904761904756,0.5,0.45238095238095233,0.45238095238095233,0.45238095238095233,1.0,0
0.0,0.09523809523809534,0.7380952380952384,0.571428571428571,0.428571428571428,0.5,0.28571428571428603,0.28571428571428603,0.33333333333333265,0.428571428571428,0.428571428571428,0.5,0.4761904761904756,0.642857142857143,0.9285714285714279,0.857142857142857,0.8333333333333337,0.8333333333333337,0.8809523809523814,0.8333333333333337,0.8333333333333337,0.571428571428571,0.4761904761904756,0.4761904761904756,0.5,0.45238095238095233,0.45238095238095233,0.45238095238095233,1.0,0.5,1
0.0,0.7105263157894739,0.5263157894736836,0.3684210526315782,0.4473684210526315,0.21052631578947392,0.21052631578947392,0.26315789473684126,0.3684210526315782,0.3684210526315782,0.4473684210526315,0.4210526315789467,0.605263157894737,0.9210526315789467,0.8421052631578946,0.8157894736842108,0.8157894736842108,0.8684210526315794,0.8157894736842108,0.8157894736842108,0.5263157894736836,0.4210526315789467,0.4210526315789467,0.4473684210526315,0.39473684210526305,0.39473684210526305,0.39473684210526305,1.0,0.4473684210526315,0.47368421052631515,0
0.6333333333333335,0.39999999999999913,0.19999999999999882,0.2999999999999997,0.0,0.0,0.06666666666666529,0.19999999999999882,0.19999999999999882,0.2999999999999997,0.2666666666666656,0.5,0.8999999999999991,0.7999999999999997,0.766666666666667,0.766666666666667,0.8333333333333338,0.766666666666667,0.766666666666667,0.39999999999999913,0.2666666666666656,0.2666666666666656,0.2999999999999997,0.23333333333333295,0.23333333333333295,0.23333333333333295,1.0,0.2999999999999997,0.33333333333333237,0.33333333333333237,0
0.39999999999999913,0.19999999999999882,0.2999999999999997,0.0,0.0,0.06666666666666529,0.19999999999999882,0.19999999999999882,0.2999999999999997,0.2666666666666656,0.5,0.8999999999999991,0.7999999999999997,0.766666666666667,0.766666666666667,0.8333333333333338,0.766666666666667,0.766666666666667,0.39999999999999913,0.2666666666666656,0.2666666666666656,0.2999999999999997,0.23333333333333295,0.23333333333333295,0.23333333333333295,1.0,0.2999999999999997,0.33333333333333237,0.33333333333333237,0.09999999999999941,1
0.19999999999999882,0.2999999999999997,0.0,0.0,0.06666666666666529,0.19999999999999882,0.19999999999999882,0.2999999999999997,0.2666666666666656,0.5,0.8999999999999991,0.7999999999999997,0.766666666666667,0.766666666666667,0.8333333333333338,0.766666666666667,0.766666666666667,0.39999999999999913,0.2666666666666656,0.2666666666666656,0.2999999999999997,0.23333333333333295,0.23333333333333295,0.23333333333333295,1.0,0.2999999999999997,0.33333333333333237,0.33333333333333237,0.09999999999999941,0.23333333333333295,1
0.2999999999999997,0.0,0.0,0.06666666666666529,0.19999999999999882,0.19999999999999882,0.2999999999999997,0.2666666666666656,0.5,0.8999999999999991,0.7999999999999997,0.766666666666667,0.766666666666667,0.8333333333333338,0.766666666666667,0.766666666666667,0.39999999999999913,0.2666666666666656,0.2666666666666656,0.2999999999999997,0.23333333333333295,0.23333333333333295,0.23333333333333295,1.0,0.2999999999999997,0.33333333333333237,0.33333333333333237,0.09999999999999941,0.23333333333333295,0.23333333333333295,1
0.0,0.0,0.06666666666666529,0.19999999999999882,0.19999999999999882,0.2999999999999997,0.2666666666666656,0.5,0.8999999999999991,0.7999999999999997,0.766666666666667,0.766666666666667,0.8333333333333338,0.766666666666667,0.766666666666667,0.39999999999999913,0.2666666666666656,0.2666666666666656,0.2999999999999997,0.23333333333333295,0.23333333333333295,0.23333333333333295,1.0,0.2999999999999997,0.33333333333333237,0.33333333333333237,0.09999999999999941,0.23333333333333295,0.23333333333333295,0.23333333333333295,1
0.0,0.06666666666666529,0.19999999999999882,0.19999999999999882,0.2999999999999997,0.2666666666666656,0.5,0.8999999999999991,0.7999999999999997,0.766666666666667,0.766666666666667,0.8333333333333338,0.766666666666667,0.766666666666667,0.39999999999999913,0.2666666666666656,0.2666666666666656,0.2999999999999997,0.23333333333333295,0.23333333333333295,0.23333333333333295,1.0,0.2999999999999997,0.33333333333333237,0.33333333333333237,0.09999999999999941,0.23333333333333295,0.23333333333333295,0.23333333333333295,0.39999999999999913,0
0.0,0.14285714285714285,0.14285714285714285,0.2500000000000008,0.21428571428571427,0.4642857142857151,0.892857142857142,0.7857142857142857,0.7500000000000008,0.7500000000000008,0.8214285714285722,0.7500000000000008,0.7500000000000008,0.35714285714285715,0.21428571428571427,0.21428571428571427,0.2500000000000008,0.17857142857142935,0.17857142857142935,0.17857142857142935,1.0,0.2500000000000008,0.2857142857142857,0.2857142857142857,0.03571428571428651,0.17857142857142935,0.17857142857142935,0.17857142857142935,0.35714285714285715,0.32142857142857223,0
0.11111111111111038,0.11111111111111038,0.2222222222222224,0.1851851851851845,0.4444444444444448,0.888888888888888,0.7777777777777776,0.7407407407407414,0.7407407407407414,0.8148148148148154,0.7407407407407414,0.7407407407407414,0.33333333333333276,0.1851851851851845,0.1851851851851845,0.2222222222222224,0.14814814814814828,0.14814814814814828,0.14814814814814828,1.0,0.2222222222222224,0.25925925925925863,0.25925925925925863,0.0,0.14814814814814828,0.14814814814814828,0.14814814814814828,0.33333333333333276,0.29629629629629656,0.25925925925925863,1
0.11111111111111038,0.2222222222222224,0.1851851851851845,0.4444444444444448,0.888888888888888,0.7777777777777776,0.7407407407407414,0.7407407407407414,0.8148148148148154,0.7407407407407414,0.7407407407407414,0.33333333333333276,0.1851851851851845,0.1851851851851845,0.2222222222222224,0.14814814814814828,0.14814814814814828,0.14814814814814828,1.0,0.2222222222222224,0.25925925925925863,0.25925925925925863,0.0,0.14814814814814828,0.14814814814814828,0.14814814814814828,0.33333333333333276,0.29629629629629656,0.25925925925925863,0.29629629629629656,0
0.2222222222222224,0.1851851851851845,0.4444444444444448,0.888888888888888,0.7777777777777776,0.7407407407407414,0.7407407407407414,0.8148148148148154,0.7407407407407414,0.7407407407407414,0.33333333333333276,0.1851851851851845,0.1851851851851845,0.2222222222222224,0.14814814814814828,0.14814814814814828,0.14814814814814828,1.0,0.2222222222222224,0.25925925925925863,0.25925925925925863,0.0,0.14814814814814828,0.14814814814814828,0.14814814814814828,0.33333333333333276,0.29629629629629656,0.25925925925925863,0.29629629629629656,0.25925925925925863,1
0.1851851851851845,0.4444444444444448,0.888888888888888,0.7777777777777776,0.7407407407407414,0.7407407407407414,0.8148148148148154,0.7407407407407414,0.7407407407407414,0.33333333333333276,0.1851851851851845,0.1851851851851845,0.2222222222222224,0.14814814814814828,0.14814814814814828,0.14814814814814828,1.0,0.2222222222222224,0.25925925925925863,0.25925925925925863,0.0,0.14814814814814828,0.14814814814814828,0.14814814814814828,0.33333333333333276,0.29629629629629656,0.25925925925925863,0.29629629629629656,0.25925925925925863,0.29629629629629656,0
0.4444444444444448,0.888888888888888,0.7777777777777776,0.7407407407407414,0.7407407407407414,0.8148148148148154,0.7407407407407414,0.7407407407407414,0.33333333333333276,0.1851851851851845,0.1851851851851845,0.2222222222222224,0.14814814814814828,0.14814814814814828,0.14814814814814828,1.0,0.2222222222222224,0.25925925925925863,0.25925925925925863,0.0,0.14814814814814828,0.14814814814814828,0.14814814814814828,0.33333333333333276,0.29629629629629656,0.25925925925925863,0.29629629629629656,0.25925925925925863,0.29629629629629656,0.25925925925925863,0
0.888888888888888,0.7777777777777776,0.7407407407407414,0.7407407407407414,0.8148148148148154,0.7407407407407414,0.7407407407407414,0.33333333333333276,0.1851851851851845,0.1851851851851845,0.2222222222222224,0.14814814814814828,0.14814814814814828,0.14814814814814828,1.0,0.2222222222222224,0.25925925925925863,0.25925925925925863,0.0,0.14814814814814828,0.14814814814814828,0.14814814814814828,0.33333333333333276,0.29629629629629656,0.25925925925925863,0.29629629629629656,0.25925925925925863,0.29629629629629656,0.25925925925925863,0.25925925925925863,0
0.7777777777777776,0.7407407407407414,0.7407407407407414,0.8148148148148154,0.7407407407407414,0.7407407407407414,0.33333333333333276,0.1851851851851845,0.1851851851851845,0.2222222222222224,0.14814814814814828,0.14814814814814828,0.14814814814814828,1.0,0.2222222222222224,0.25925925925925863,0.25925925925925863,0.0,0.14814814814814828,0.14814814814814828,0.14814814814814828,0.33333333333333276,0.29629629629629656,0.25925925925925863,0.29629629629629656,0.25925925925925863,0.29629629629629656,0.25925925925925863,0.25925925925925863,0.1851851851851845,1
0.7407407407407414,0.7407407407407414,0.8148148148148154,0.7407407407407414,0.7407407407407414,0.33333333333333276,0.1851851851851845,0.1851851851851845,0.2222222222222224,0.14814814814814828,0.14814814814814828,0.14814814814814828,1.0,0.2222222222222224,0.25925925925925863,0.25925925925925863,0.0,0.14814814814814828,0.14814814814814828,0.14814814814814828,0.33333333333333276,0.29629629629629656,0.25925925925925863,0.29629629629629656,0.25925925925925863,0.29629629629629656,0.25925925925925863,0.25925925925925863,0.1851851851851845,0.25925925925925863,1
0.7407407407407414,0.8148148148148154,0.7407407407407414,0.7407407407407414,0.33333333333333276,0.1851851851851845,0.1851851851851845,0.2222222222222224,0.14814814814814828,0.14814814814814828,0.14814814814814828,1.0,0.2222222222222224,0.25925925925925863,0.25925925925925863,0.0,0.14814814814814828,0.14814814814814828,0.14814814814814828,0.33333333333333276,0.29629629629629656,0.25925925925925863,0.29629629629629656,0.25925925925925863,0.29629629629629656,0.25925925925925863,0.25925925925925863,0.1851851851851845,0.25925925925925863,0.29629629629629656,0
0.8148148148148154,0.7407407407407414,0.7407407407407414,0.33333333333333276,0.1851851851851845,0.1851851851851845,0.2222222222222224,0.14814814814814828,0.14814814814814828,0.14814814814814828,1.0,0.2222222222222224,0.25925925925925863,0.25925925925925863,0.0,0.14814814814814828,0.14814814814814828,0.14814814814814828,0.33333333333333276,0.29629629629629656,0.25925925925925863,0.29629629629629656,0.25925925925925863,0.29629629629629656,0.25925925925925863,0.25925925925925863,0.1851851851851845,0.25925925925925863,0.29629629629629656,0.33333333333333276,0
0.7407407407407414,0.7407407407407414,0.33333333333333276,0.1851851851851845,0.1851851851851845,0.2222222222222224,0.14814814814814828,0.14814814814814828,0.14814814814814828,1.0,0.2222222222222224,0.25925925925925863,0.25925925925925863,0.0,0.14814814814814828,0.14814814814814828,0.14814814814814828,0.33333333333333276,0.29629629629629656,0.25925925925925863,0.29629629629629656,0.25925925925925863,0.29629629629629656,0.25925925925925863,0.25925925925925863,0.1851851851851845,0.25925925925925863,0.29629629629629656,0.33333333333333276,0.25925925925925863,0
0.7407407407407414,0.33333333333333276,0.1851851851851845,0.1851851851851845,0.2222222222222224,0.14814814814814828,0.14814814814814828,0.14814814814814828,1.0,0.2222222222222224,0.25925925925925863,0.25925925925925863,0.0,0.14814814814814828,0.14814814814814828,0.14814814814814828,0.33333333333333276,0.29629629629629656,0.25925925925925863,0.29629629629629656,0.25925925925925863,0.29629629629629656,0.25925925925925863,0.25925925925925863,0.1851851851851845,0.25925925925925863,0.29629629629629656,0.33333333333333276,0.25925925925925863,0.1851851851851845,0
0.33333333333333276,0.1851851851851845,0.1851851851851845,0.2222222222222224,0.14814814814814828,0.14814814814814828,0.14814814814814828,1.0,0.2222222222222224,0.25925925925925863,0.25925925925925863,0.0,0.14814814814814828,0.14814814814814828,0.14814814814814828,0.33333333333333276,0.29629629629629656,0.25925925925925863,0.29629629629629656,0.25925925925925863,0.29629629629629656,0.25925925925925863,0.25925925925925863,0.1851851851851845,0.25925925925925863,0.29629629629629656,0.33333333333333276,0.25925925925925863,0.1851851851851845,0.11111111111111038,0
0.1851851851851845,0.1851851851851845,0.2222222222222224,0.14814814814814828,0.14814814814814828,0.14814814814814828,1.0,0.2222222222222224,0.25925925925925863,0.25925925925925863,0.0,0.14814814814814828,0.14814814814814828,0.14814814814814828,0.33333333333333276,0.29629629629629656,0.25925925925925863,0.29629629629629656,0.25925925925925863,0.29629629629629656,0.25925925925925863,0.25925925925925863,0.1851851851851845,0.25925925925925863,0.29629629629629656,0.33333333333333276,0.25925925925925863,0.1851851851851845,0.11111111111111038,0.1851851851851845,1
0.21428571428571427,0.2500000000000008,0.17857142857142935,0.17857142857142935,0.17857142857142935,1.0,0.2500000000000008,0.2857142857142857,0.2857142857142857,0.03571428571428651,0.17857142857142935,0.17857142857142935,0.17857142857142935,0.35714285714285715,0.32142857142857223,0.2857142857142857,0.32142857142857223,0.2857142857142857,0.32142857142857223,0.2857142857142857,0.2857142857142857,0.21428571428571427,0.2857142857142857,0.32142857142857223,0.35714285714285715,0.2857142857142857,0.21428571428571427,0.14285714285714285,0.21428571428571427,0.0,1
0.2500000000000008,0.17857142857142935,0.17857142857142935,0.17857142857142935,1.0,0.2500000000000008,0.2857142857142857,0.2857142857142857,0.03571428571428651,0.17857142857142935,0.17857142857142935,0.17857142857142935,0.35714285714285715,0.32142857142857223,0.2857142857142857,0.32142857142857223,0.2857142857142857,0.32142857142857223,0.2857142857142857,0.2857142857142857,0.21428571428571427,0.2857142857142857,0.32142857142857223,0.35714285714285715,0.2857142857142857,0.21428571428571427,0.14285714285714285,0.21428571428571427,0.0,0.5357142857142865,0
0.17857142857142935,0.17857142857142935,0.17857142857142935,1.0,0.2500000000000008,0.2857142857142857,0.2857142857142857,0.03571428571428651,0.17857142857142935,0.17857142857142935,0.17857142857142935,0.35714285714285715,0.32142857142857223,0.2857142857142857,0.32142857142857223,0.2857142857142857,0.32142857142857223,0.2857142857142857,0.2857142857142857,0.21428571428571427,0.2857142857142857,0.32142857142857223,0.35714285714285715,0.2857142857142857,0.21428571428571427,0.14285714285714285,0.21428571428571427,0.0,0.5357142857142865,0.5,0
0.17857142857142935,0.17857142857142935,1.0,0.2500000000000008,0.2857142857142857,0.2857142857142857,0.03571428571428651,0.17857142857142935,0.17857142857142935,0.17857142857142935,0.35714285714285715,0.32142857142857223,0.2857142857142857,0.32142857142857223,0.2857142857142857,0.32142857142857223,0.2857142857142857,0.2857142857142857,0.21428571428571427,0.2857142857142857,0.32142857142857223,0.35714285714285715,0.2857142857142857,0.21428571428571427,0.14285714285714285,0.21428571428571427,0.0,0.5357142857142865,0.5,0.3928571428571436,1
0.17857142857142935,1.0,0.2500000000000008,0.2857142857142857,0.2857142857142857,0.03571428571428651,0.17857142857142935,0.17857142857142935,0.17857142857142935,0.35714285714285715,0.32142857142857223,0.2857142857142857,0.32142857142857223,0.2857142857142857,0.32142857142857223,0.2857142857142857,0.2857142857142857,0.21428571428571427,0.2857142857142857,0.32142857142857223,0.35714285714285715,0.2857142857142857,0.21428571428571427,0.14285714285714285,0.21428571428571427,0.0,0.5357142857142865,0.5,0.3928571428571436,0.4642857142857151,0
1.0,0.2500000000000008,0.2857142857142857,0.2857142857142857,0.03571428571428651,0.17857142857142935,0.17857142857142935,0.17857142857142935,0.35714285714285715,0.32142857142857223,0.2857142857142857,0.32142857142857223,0.2857142857142857,0.32142857142857223,0.2857142857142857,0.2857142857142857,0.21428571428571427,0.2857142857142857,0.32142857142857223,0.35714285714285715,0.2857142857142857,0.21428571428571427,0.14285714285714285,0.21428571428571427,0.0,0.5357142857142865,0.5,0.3928571428571436,0.4642857142857151,0.5357142857142865,0
0.46666666666666745,0.5333333333333325,0.5333333333333325,0.06666666666666805,0.3333333333333343,0.3333333333333343,0.3333333333333343,0.6666666666666656,0.6000000000000006,0.5333333333333325,0.6000000000000006,0.5333333333333325,0.6000000000000006,0.5333333333333325,0.5333333333333325,0.3999999999999994,0.5333333333333325,0.6000000000000006,0.6666666666666656,0.5333333333333325,0.3999999999999994,0.2666666666666663,0.3999999999999994,0.0,1.0,0.9333333333333319,0.7333333333333337,0.8666666666666669,1.0,0.5333333333333325,0
0.5333333333333325,0.5333333333333325,0.06666666666666805,0.3333333333333343,0.3333333333333343,0.3333333333333343,0.6666666666666656,0.6000000000000006,0.5333333333333325,0.6000000000000006,0.5333333333333325,0.6000000000000006,0.5333333333333325,0.5333333333333325,0.3999999999999994,0.5333333333333325,0.6000000000000006,0.6666666666666656,0.5333333333333325,0.3999999999999994,0.2666666666666663,0.3999999999999994,0.0,1.0,0.9333333333333319,0.7333333333333337,0.8666666666666669,1.0,0.5333333333333325,0.2666666666666663,0
0.5333333333333325,0.06666666666666805,0.3333333333333343,0.3333333333333343,0.3333333333333343,0.6666666666666656,0.6000000000000006,0.5333333333333325,0.6000000000000006,0.5333333333333325,0.6000000000000006,0.5333333333333325,0.5333333333333325,0.3999999999999994,0.5333333333333325,0.6000000000000006,0.6666666666666656,0.5333333333333325,0.3999999999999994,0.2666666666666663,0.3999999999999994,0.0,1.0,0.9333333333333319,0.7333333333333337,0.8666666666666669,1.0,0.5333333333333325,0.2666666666666663,0.13333333333333314,1
0.06666666666666805,0.3333333333333343,0.3333333333333343,0.3333333333333343,0.6666666666666656,0.6000000000000006,0.5333333333333325,0.6000000000000006,0.5333333333333325,0.6000000000000006,0.5333333333333325,0.5333333333333325,0.3999999999999994,0.5333333333333325,0.6000000000000006,0.6666666666666656,0.5333333333333325,0.3999999999999994,0.2666666666666663,0.3999999999999994,0.0,1.0,0.9333333333333319,0.7333333333333337,0.8666666666666669,1.0,0.5333333333333325,0.2666666666666663,0.13333333333333314,0.3333333333333343,1
0.3333333333333343,0.3333333333333343,0.3333333333333343,0.6666666666666656,0.6000000000000006,0.5333333333333325,0.6000000000000006,0.5333333333333325,0.6000000000000006,0.5333333333333325,0.5333333333333325,0.3999999999999994,0.5333333333333325,0.6000000000000006,0.6666666666666656,0.5333333333333325,0.3999999999999994,0.2666666666666663,0.3999999999999994,0.0,1.0,0.9333333333333319,0.7333333333333337,0.8666666666666669,1.0,0.5333333333333325,0.2666666666666663,0.13333333333333314,0.3333333333333343,0.8666666666666669,1
0.3125000000000014,0.3125000000000014,0.625,0.5625000000000013,0.5,0.5625000000000013,0.5,0.5625000000000013,0.5,0.5,0.375,0.5,0.5625000000000013,0.625,0.5,0.375,0.25,0.375,0.0,0.9375000000000013,0.875,0.6875000000000013,0.8125000000000013,0.9375000000000013,0.5,0.25,0.125,0.3125000000000014,0.8125000000000013,1.0,0
0.3125000000000014,0.625,0.5625000000000013,0.5,0.5625000000000013,0.5,0.5625000000000013,0.5,0.5,0.375,0.5,0.5625000000000013,0.625,0.5,0.375,0.25,0.375,0.0,0.9375000000000013,0.875,0.6875000000000013,0.8125000000000013,0.9375000000000013,0.5,0.25,0.125,0.3125000000000014,0.8125000000000013,1.0,0.6875000000000013,1
0.625,0.5625000000000013,0.5,0.5625000000000013,0.5,0.5625000000000013,0.5,0.5,0.375,0.5,0.5625000000000013,0.625,0.5,0.375,0.25,0.375,0.0,0.9375000000000013,0.875,0.6875000000000013,0.8125000000000013,0.9375000000000013,0.5,0.25,0.125,0.3125000000000014,0.8125000000000013,1.0,0.6875000000000013,0.875,1
0.4500000000000011,0.4,0.4500000000000011,0.4,0.4500000000000011,0.4,0.4,0.3,0.4,0.4500000000000011,0.5,0.4,0.3,0.2,0.3,0.0,0.7500000000000011,0.7,0.5500000000000012,0.6500000000000011,0.7500000000000011,0.4,0.2,0.1,0.2500000000000011,0.6500000000000011,0.8,0.5500000000000012,0.7,1.0,1
0.3076923076923082,0.3461538461538476,0.3076923076923082,0.3461538461538476,0.3076923076923082,0.3076923076923082,0.23076923076923117,0.3076923076923082,0.3461538461538476,0.38461538461538525,0.3076923076923082,0.23076923076923117,0.1538461538461541,0.23076923076923117,0.0,0.5769230769230788,0.5384615384615394,0.4230769230769246,0.5000000000000017,0.5769230769230788,0.3076923076923082,0.1538461538461541,0.07692307692307705,0.19230769230769348,0.5000000000000017,0.6153846153846164,0.4230769230769246,0.5384615384615394,0.7692307692307705,1.0,1
0.3461538461538476,0.3076923076923082,0.3461538461538476,0.3076923076923082,0.3076923076923082,0.23076923076923117,0.3076923076923082,0.3461538461538476,0.38461538461538525,0.3076923076923082,0.23076923076923117,0.1538461538461541,0.23076923076923117,0.0,0.5769230769230788,0.5384615384615394,0.4230769230769246,0.5000000000000017,0.5769230769230788,0.3076923076923082,0.1538461538461541,0.07692307692307705,0.19230769230769348,0.5000000000000017,0.6153846153846164,0.4230769230769246,0.5384615384615394,0.7692307692307705,1.0,0.8076923076923099,1
0.2424242424242426,0.2727272727272736,0.2424242424242426,0.2424242424242426,0.18181818181818193,0.2424242424242426,0.2727272727272736,0.30303030303030326,0.2424242424242426,0.18181818181818193,0.1212121212121213,0.18181818181818193,0.0,0.45454545454545553,0.42424242424242453,0.3333333333333342,0.39393939393939487,0.45454545454545553,0.2424242424242426,0.1212121212121213,0.06060606060606065,0.1515151515151523,0.39393939393939487,0.4848484848484852,0.3333333333333342,0.42424242424242453,0.6060606060606065,0.7878787878787871,0.6363636363636375,1.0,0
0.2727272727272736,0.2424242424242426,0.2424242424242426,0.18181818181818193,0.2424242424242426,0.2727272727272736,0.30303030303030326,0.2424242424242426,0.18181818181818193,0.1212121212121213,0.18181818181818193,0.0,0.45454545454545553,0.42424242424242453,0.3333333333333342,0.39393939393939487,0.45454545454545553,0.2424242424242426,0.1212121212121213,0.06060606060606065,0.1515151515151523,0.39393939393939487,0.4848484848484852,0.3333333333333342,0.42424242424242453,0.6060606060606065,0.7878787878787871,0.6363636363636375,1.0,0.8181818181818195,1
0.2424242424242426,0.2424242424242426,0.18181818181818193,0.2424242424242426,0.2727272727272736,0.30303030303030326,0.2424242424242426,0.18181818181818193,0.1212121212121213,0.18181818181818193,0.0,0.45454545454545553,0.42424242424242453,0.3333333333333342,0.39393939393939487,0.45454545454545553,0.2424242424242426,0.1212121212121213,0.06060606060606065,0.1515151515151523,0.39393939393939487,0.4848484848484852,0.3333333333333342,0.42424242424242453,0.6060606060606065,0.7878787878787871,0.6363636363636375,1.0,0.8181818181818195,0.6969696969696981,1
0.2424242424242426,0.18181818181818193,0.2424242424242426,0.2727272727272736,0.30303030303030326,0.2424242424242426,0.18181818181818193,0.1212121212121213,0.18181818181818193,0.0,0.45454545454545553,0.42424242424242453,0.3333333333333342,0.39393939393939487,0.45454545454545553,0.2424242424242426,0.1212121212121213,0.06060606060606065,0.1515151515151523,0.39393939393939487,0.4848484848484852,0.3333333333333342,0.42424242424242453,0.6060606060606065,0.7878787878787871,0.6363636363636375,1.0,0.8181818181818195,0.6969696969696981,1.0,0
0.17647058823529435,0.23529411764705913,0.2647058823529422,0.29411764705882393,0.23529411764705913,0.17647058823529435,0.11764705882352956,0.17647058823529435,0.0,0.4411764705882365,0.4117647058823535,0.32352941176470695,0.38235294117647173,0.4411764705882365,0.23529411764705913,0.11764705882352956,0.05882352941176478,0.1470588235294126,0.38235294117647173,0.47058823529411825,0.32352941176470695,0.4117647058823535,0.5882352941176479,0.7647058823529409,0.6176470588235309,0.9705882352941183,0.7941176470588253,0.6764705882352956,0.9705882352941183,1.0,0
0.23529411764705913,0.2647058823529422,0.29411764705882393,0.23529411764705913,0.17647058823529435,0.11764705882352956,0.17647058823529435,0.0,0.4411764705882365,0.4117647058823535,0.32352941176470695,0.38235294117647173,0.4411764705882365,0.23529411764705913,0.11764705882352956,0.05882352941176478,0.1470588235294126,0.38235294117647173,0.47058823529411825,0.32352941176470695,0.4117647058823535,0.5882352941176479,0.7647058823529409,0.6176470588235309,0.9705882352941183,0.7941176470588253,0.6764705882352956,0.9705882352941183,1.0,0.29411764705882393,1
0.2647058823529422,0.29411764705882393,0.23529411764705913,0.17647058823529435,0.11764705882352956,0.17647058823529435,0.0,0.4411764705882365,0.4117647058823535,0.32352941176470695,0.38235294117647173,0.4411764705882365,0.23529411764705913,0.11764705882352956,0.05882352941176478,0.1470588235294126,0.38235294117647173,0.47058823529411825,0.32352941176470695,0.4117647058823535,0.5882352941176479,0.7647058823529409,0.6176470588235309,0.9705882352941183,0.7941176470588253,0.6764705882352956,0.9705882352941183,1.0,0.29411764705882393,0.3529411764705887,1
0.29411764705882393,0.23529411764705913,0.17647058823529435,0.11764705882352956,0.17647058823529435,0.0,0.4411764705882365,0.4117647058823535,0.32352941176470695,0.38235294117647173,0.4411764705882365,0.23529411764705913,0.11764705882352956,0.05882352941176478,0.1470588235294126,0.38235294117647173,0.47058823529411825,0.32352941176470695,0.4117647058823535,0.5882352941176479,0.7647058823529409,0.6176470588235309,0.9705882352941183,0.7941176470588253,0.6764705882352956,0.9705882352941183,1.0,0.29411764705882393,0.3529411764705887,0.32352941176470695,0
0.23529411764705913,0.17647058823529435,0.11764705882352956,0.17647058823529435,0.0,0.4411764705882365,0.4117647058823535,0.32352941176470695,0.38235294117647173,0.4411764705882365,0.23529411764705913,0.11764705882352956,0.05882352941176478,0.1470588235294126,0.38235294117647173,0.47058823529411825,0.32352941176470695,0.4117647058823535,0.5882352941176479,0.7647058823529409,0.6176470588235309,0.9705882352941183,0.7941176470588253,0.6764705882352956,0.9705882352941183,1.0,0.29411764705882393,0.3529411764705887,0.32352941176470695,0.38235294117647173,0
0.17647058823529435,0.11764705882352956,0.17647058823529435,0.0,0.4411764705882365,0.4117647058823535,0.32352941176470695,0.38235294117647173,0.4411764705882365,0.23529411764705913,0.11764705882352956,0.05882352941176478,0.1470588235294126,0.38235294117647173,0.47058823529411825,0.32352941176470695,0.4117647058823535,0.5882352941176479,0.7647058823529409,0.6176470588235309,0.9705882352941183,0.7941176470588253,0.6764705882352956,0.9705882352941183,1.0,0.29411764705882393,0.3529411764705887,0.32352941176470695,0.38235294117647173,0.23529411764705913,1
0.11764705882352956,0.17647058823529435,0.0,0.4411764705882365,0.4117647058823535,0.32352941176470695,0.38235294117647173,0.4411764705882365,0.23529411764705913,0.11764705882352956,0.05882352941176478,0.1470588235294126,0.38235294117647173,0.47058823529411825,0.32352941176470695,0.4117647058823535,0.5882352941176479,0.7647058823529409,0.6176470588235309,0.9705882352941183,0.7941176470588253,0.6764705882352956,0.9705882352941183,1.0,0.29411764705882393,0.3529411764705887,0.32352941176470695,0.38235294117647173,0.23529411764705913,0.23529411764705913,1
0.17647058823529435,0.0,0.4411764705882365,0.4117647058823535,0.32352941176470695,0.38235294117647173,0.4411764705882365,0.23529411764705913,0.11764705882352956,0.05882352941176478,0.1470588235294126,0.38235294117647173,0.47058823529411825,0.32352941176470695,0.4117647058823535,0.5882352941176479,0.7647058823529409,0.6176470588235309,0.9705882352941183,0.7941176470588253,0.6764705882352956,0.9705882352941183,1.0,0.29411764705882393,0.3529411764705887,0.32352941176470695,0.38235294117647173,0.23529411764705913,0.23529411764705913,0.29411764705882393,0
0.0,0.4411764705882365,0.4117647058823535,0.32352941176470695,0.38235294117647173,0.4411764705882365,0.23529411764705913,0.11764705882352956,0.05882352941176478,0.1470588235294126,0.38235294117647173,0.47058823529411825,0.32352941176470695,0.4117647058823535,0.5882352941176479,0.7647058823529409,0.6176470588235309,0.9705882352941183,0.7941176470588253,0.6764705882352956,0.9705882352941183,1.0,0.29411764705882393,0.3529411764705887,0.32352941176470695,0.38235294117647173,0.23529411764705913,0.23529411764705913,0.29411764705882393,0.17647058823529435,0
0.4062500000000013,0.3750000000000005,0.2812500000000011,0.34375000000000117,0.4062500000000013,0.18750000000000025,0.06250000000000008,0.0,0.09375000000000082,0.34375000000000117,0.4375000000000006,0.2812500000000011,0.3750000000000005,0.5625000000000008,0.7499999999999997,0.5937500000000016,0.9687500000000007,0.7812500000000018,0.6562500000000016,0.9687500000000007,1.0,0.25000000000000033,0.31250000000000044,0.2812500000000011,0.34375000000000117,0.18750000000000025,0.18750000000000025,0.25000000000000033,0.12500000000000017,0.12500000000000017,1
0.4117647058823535,0.32352941176470695,0.38235294117647173,0.4411764705882365,0.23529411764705913,0.11764705882352956,0.05882352941176478,0.1470588235294126,0.38235294117647173,0.47058823529411825,0.32352941176470695,0.4117647058823535,0.5882352941176479,0.7647058823529409,0.6176470588235309,0.9705882352941183,0.7941176470588253,0.6764705882352956,0.9705882352941183,1.0,0.29411764705882393,0.3529411764705887,0.32352941176470695,0.38235294117647173,0.23529411764705913,0.23529411764705913,0.29411764705882393,0.17647058823529435,0.17647058823529435,0.0,1
0.32352941176470695,0.38235294117647173,0.4411764705882365,0.23529411764705913,0.11764705882352956,0.05882352941176478,0.1470588235294126,0.38235294117647173,0.47058823529411825,0.32352941176470695,0.4117647058823535,0.5882352941176479,0.7647058823529409,0.6176470588235309,0.9705882352941183,0.7941176470588253,0.6764705882352956,0.9705882352941183,1.0,0.29411764705882393,0.3529411764705887,0.32352941176470695,0.38235294117647173,0.23529411764705913,0.23529411764705913,0.29411764705882393,0.17647058823529435,0.17647058823529435,0.0,0.3529411764705887,1
0.38235294117647173,0.4411764705882365,0.23529411764705913,0.11764705882352956,0.05882352941176478,0.1470588235294126,0.38235294117647173,0.47058823529411825,0.32352941176470695,0.4117647058823535,0.5882352941176479,0.7647058823529409,0.6176470588235309,0.9705882352941183,0.7941176470588253,0.6764705882352956,0.9705882352941183,1.0,0.29411764705882393,0.3529411764705887,0.32352941176470695,0.38235294117647173,0.23529411764705913,0.23529411764705913,0.29411764705882393,0.17647058823529435,0.17647058823529435,0.0,0.3529411764705887,0.3529411764705887,1
0.4411764705882365,0.23529411764705913,0.11764705882352956,0.05882352941176478,0.1470588235294126,0.38235294117647173,0.47058823529411825,0.32352941176470695,0.4117647058823535,0.5882352941176479,0.7647058823529409,0.6176470588235309,0.9705882352941183,0.7941176470588253,0.6764705882352956,0.9705882352941183,1.0,0.29411764705882393,0.3529411764705887,0.32352941176470695,0.38235294117647173,0.23529411764705913,0.23529411764705913,0.29411764705882393,0.17647058823529435,0.17647058823529435,0.0,0.3529411764705887,0.3529411764705887,0.38235294117647173,1
0.23529411764705913,0.11764705882352956,0.05882352941176478,0.1470588235294126,0.38235294117647173,0.47058823529411825,0.32352941176470695,0.4117647058823535,0.5882352941176479,0.7647058823529409,0.6176470588235309,0.9705882352941183,0.7941176470588253,0.6764705882352956,0.9705882352941183,1.0,0.29411764705882393,0.3529411764705887,0.32352941176470695,0.38235294117647173,0.23529411764705913,0.23529411764705913,0.29411764705882393,0.17647058823529435,0.17647058823529435,0.0,0.3529411764705887,0.3529411764705887,0.38235294117647173,0.7647058823529409,0
0.11764705882352956,0.05882352941176478,0.1470588235294126,0.38235294117647173,0.47058823529411825,0.32352941176470695,0.4117647058823535,0.5882352941176479,0.7647058823529409,0.6176470588235309,0.9705882352941183,0.7941176470588253,0.6764705882352956,0.9705882352941183,1.0,0.29411764705882393,0.3529411764705887,0.32352941176470695,0.38235294117647173,0.23529411764705913,0.23529411764705913,0.29411764705882393,0.17647058823529435,0.17647058823529435,0.0,0.3529411764705887,0.3529411764705887,0.38235294117647173,0.7647058823529409,0.529411764705883,1
0.05882352941176478,0.1470588235294126,0.38235294117647173,0.47058823529411825,0.32352941176470695,0.4117647058823535,0.5882352941176479,0.7647058823529409,0.6176470588235309,0.9705882352941183,0.7941176470588253,0.6764705882352956,0.9705882352941183,1.0,0.29411764705882393,0.3529411764705887,0.32352941176470695,0.38235294117647173,0.23529411764705913,0.23529411764705913,0.29411764705882393,0.17647058823529435,0.17647058823529435,0.0,0.3529411764705887,0.3529411764705887,0.38235294117647173,0.7647058823529409,0.529411764705883,0.5882352941176479,0
0.1470588235294126,0.38235294117647173,0.47058823529411825,0.32352941176470695,0.4117647058823535,0.5882352941176479,0.7647058823529409,0.6176470588235309,0.9705882352941183,0.7941176470588253,0.6764705882352956,0.9705882352941183,1.0,0.29411764705882393,0.3529411764705887,0.32352941176470695,0.38235294117647173,0.23529411764705913,0.23529411764705913,0.29411764705882393,0.17647058823529435,0.17647058823529435,0.0,0.3529411764705887,0.3529411764705887,0.38235294117647173,0.7647058823529409,0.529411764705883,0.5882352941176479,0.558823529411766,0
0.38235294117647173,0.47058823529411825,0.32352941176470695,0.4117647058823535,0.5882352941176479,0.7647058823529409,0.6176470588235309,0.9705882352941183,0.7941176470588253,0.6764705882352956,0.9705882352941183,1.0,0.29411764705882393,0.3529411764705887,0.32352941176470695,0.38235294117647173,0.23529411764705913,0.23529411764705913,0.29411764705882393,0.17647058823529435,0.17647058823529435,0.0,0.3529411764705887,0.3529411764705887,0.38235294117647173,0.7647058823529409,0.529411764705883,0.5882352941176479,0.558823529411766,0.47058823529411825,1
0.47058823529411825,0.32352941176470695,0.4117647058823535,0.5882352941176479,0.7647058823529409,0.6176470588235309,0.9705882352941183,0.7941176470588253,0.6764705882352956,0.9705882352941183,1.0,0.29411764705882393,0.3529411764705887,0.32352941176470695,0.38235294117647173,0.23529411764705913,0.23529411764705913,0.29411764705882393,0.17647058823529435,0.17647058823529435,0.0,0.3529411764705887,0.3529411764705887,0.38235294117647173,0.7647058823529409,0.529411764705883,0.5882352941176479,0.558823529411766,0.47058823529411825,0.529411764705883,1
0.32352941176470695,0.4117647058823535,0.5882352941176479,0.7647058823529409,0.6176470588235309,0.9705882352941183,0.7941176470588253,0.6764705882352956,0.9705882352941183,1.0,0.29411764705882393,0.3529411764705887,0.32352941176470695,0.38235294117647173,0.23529411764705913,0.23529411764705913,0.29411764705882393,0.17647058823529435,0.17647058823529435,0.0,0.3529411764705887,0.3529411764705887,0.38235294117647173,0.7647058823529409,0.529411764705883,0.5882352941176479,0.558823529411766,0.47058823529411825,0.529411764705883,0.558823529411766,0
0.4117647058823535,0.5882352941176479,0.7647058823529409,0.6176470588235309,0.9705882352941183,0.7941176470588253,0.6764705882352956,0.9705882352941183,1.0,0.29411764705882393,0.3529411764705887,0.32352941176470695,0.38235294117647173,0.23529411764705913,0.23529411764705913,0.29411764705882393,0.17647058823529435,0.17647058823529435,0.0,0.3529411764705887,0.3529411764705887,0.38235294117647173,0.7647058823529409,0.529411764705883,0.5882352941176479,0.558823529411766,0.47058823529411825,0.529411764705883,0.558823529411766,0.5000000000000013,0
0.5882352941176479,0.7647058823529409,0.6176470588235309,0.9705882352941183,0.7941176470588253,0.6764705882352956,0.9705882352941183,1.0,0.29411764705882393,0.3529411764705887,0.32352941176470695,0.38235294117647173,0.23529411764705913,0.23529411764705913,0.29411764705882393,0.17647058823529435,0.17647058823529435,0.0,0.3529411764705887,0.3529411764705887,0.38235294117647173,0.7647058823529409,0.529411764705883,0.5882352941176479,0.558823529411766,0.47058823529411825,0.529411764705883,0.558823529411766,0.5000000000000013,0.4411764705882365,0
0.7647058823529409,0.6176470588235309,0.9705882352941183,0.7941176470588253,0.6764705882352956,0.9705882352941183,1.0,0.29411764705882393,0.3529411764705887,0.32352941176470695,0.38235294117647173,0.23529411764705913,0.23529411764705913,0.29411764705882393,0.17647058823529435,0.17647058823529435,0.0,0.3529411764705887,0.3529411764705887,0.38235294117647173,0.7647058823529409,0.529411764705883,0.5882352941176479,0.558823529411766,0.47058823529411825,0.529411764705883,0.558823529411766,0.5000000000000013,0.4411764705882365,0.47058823529411825,0
0.6176470588235309,0.9705882352941183,0.7941176470588253,0.6764705882352956,0.9705882352941183,1.0,0.29411764705882393,0.3529411764705887,0.32352941176470695,0.38235294117647173,0.23529411764705913,0.23529411764705913,0.29411764705882393,0.17647058823529435,0.17647058823529435,0.0,0.3529411764705887,0.3529411764705887,0.38235294117647173,0.7647058823529409,0.529411764705883,0.5882352941176479,0.558823529411766,0.47058823529411825,0.529411764705883,0.558823529411766,0.5000000000000013,0.4411764705882365,0.47058823529411825,0.38235294117647173,0
0.9705882352941183,0.7941176470588253,0.6764705882352956,0.9705882352941183,1.0,0.29411764705882393,0.3529411764705887,0.32352941176470695,0.38235294117647173,0.23529411764705913,0.23529411764705913,0.29411764705882393,0.17647058823529435,0.17647058823529435,0.0,0.3529411764705887,0.3529411764705887,0.38235294117647173,0.7647058823529409,0.529411764705883,0.5882352941176479,0.558823529411766,0.47058823529411825,0.529411764705883,0.558823529411766,0.5000000000000013,0.4411764705882365,0.47058823529411825,0.38235294117647173,0.3529411764705887,0
0.7941176470588253,0.6764705882352956,0.9705882352941183,1.0,0.29411764705882393,0.3529411764705887,0.32352941176470695,0.38235294117647173,0.23529411764705913,0.23529411764705913,0.29411764705882393,0.17647058823529435,0.17647058823529435,0.0,0.3529411764705887,0.3529411764705887,0.38235294117647173,0.7647058823529409,0.529411764705883,0.5882352941176479,0.558823529411766,0.47058823529411825,0.529411764705883,0.558823529411766,0.5000000000000013,0.4411764705882365,0.47058823529411825,0.38235294117647173,0.3529411764705887,0.3529411764705887,1
0.6764705882352956,0.9705882352941183,1.0,0.29411764705882393,0.3529411764705887,0.32352941176470695,0.38235294117647173,0.23529411764705913,0.23529411764705913,0.29411764705882393,0.17647058823529435,0.17647058823529435,0.0,0.3529411764705887,0.3529411764705887,0.38235294117647173,0.7647058823529409,0.529411764705883,0.5882352941176479,0.558823529411766,0.47058823529411825,0.529411764705883,0.558823529411766,0.5000000000000013,0.4411764705882365,0.47058823529411825,0.38235294117647173,0.3529411764705887,0.3529411764705887,0.32352941176470695,1
0.9705882352941183,1.0,0.29411764705882393,0.3529411764705887,0.32352941176470695,0.38235294117647173,0.23529411764705913,0.23529411764705913,0.29411764705882393,0.17647058823529435,0.17647058823529435,0.0,0.3529411764705887,0.3529411764705887,0.38235294117647173,0.7647058823529409,0.529411764705883,0.5882352941176479,0.558823529411766,0.47058823529411825,0.529411764705883,0.558823529411766,0.5000000000000013,0.4411764705882365,0.47058823529411825,0.38235294117647173,0.3529411764705887,0.3529411764705887,0.32352941176470695,0.38235294117647173,1
1.0,0.29411764705882393,0.3529411764705887,0.32352941176470695,0.38235294117647173,0.23529411764705913,0.23529411764705913,0.29411764705882393,0.17647058823529435,0.17647058823529435,0.0,0.3529411764705887,0.3529411764705887,0.38235294117647173,0.7647058823529409,0.529411764705883,0.5882352941176479,0.558823529411766,0.47058823529411825,0.529411764705883,0.558823529411766,0.5000000000000013,0.4411764705882365,0.47058823529411825,0.38235294117647173,0.3529411764705887,0.3529411764705887,0.32352941176470695,0.38235294117647173,0.4411764705882365,1
0.38461538461538525,0.46153846153846234,0.4230769230769246,0.5000000000000017,0.3076923076923082,0.3076923076923082,0.38461538461538525,0.23076923076923117,0.23076923076923117,0.0,0.46153846153846234,0.46153846153846234,0.5000000000000017,1.0,0.6923076923076935,0.7692307692307705,0.7307692307692328,0.6153846153846164,0.6923076923076935,0.7307692307692328,0.6538461538461559,0.5769230769230788,0.6153846153846164,0.5000000000000017,0.46153846153846234,0.46153846153846234,0.4230769230769246,0.5000000000000017,0.5769230769230788,0.7307692307692328,0
0.46153846153846234,0.4230769230769246,0.5000000000000017,0.3076923076923082,0.3076923076923082,0.38461538461538525,0.23076923076923117,0.23076923076923117,0.0,0.46153846153846234,0.46153846153846234,0.5000000000000017,1.0,0.6923076923076935,0.7692307692307705,0.7307692307692328,0.6153846153846164,0.6923076923076935,0.7307692307692328,0.6538461538461559,0.5769230769230788,0.6153846153846164,0.5000000000000017,0.46153846153846234,0.46153846153846234,0.4230769230769246,0.5000000000000017,0.5769230769230788,0.7307692307692328,0.6153846153846164,0
0.4230769230769246,0.5000000000000017,0.3076923076923082,0.3076923076923082,0.38461538461538525,0.23076923076923117,0.23076923076923117,0.0,0.46153846153846234,0.46153846153846234,0.5000000000000017,1.0,0.6923076923076935,0.7692307692307705,0.7307692307692328,0.6153846153846164,0.6923076923076935,0.7307692307692328,0.6538461538461559,0.5769230769230788,0.6153846153846164,0.5000000000000017,0.46153846153846234,0.46153846153846234,0.4230769230769246,0.5000000000000017,0.5769230769230788,0.7307692307692328,0.6153846153846164,0.5384615384615394,0
0.7346938775510214,0.6326530612244902,0.6326530612244902,0.6734693877551025,0.5918367346938779,0.5918367346938779,0.469387755102041,0.7142857142857149,0.7142857142857149,0.7346938775510214,1.0,0.8367346938775517,0.877551020408164,0.8571428571428583,0.7959183673469394,0.8367346938775517,0.8571428571428583,0.816326530612246,0.7755102040816337,0.7959183673469394,0.7346938775510214,0.7142857142857149,0.7142857142857149,0.6938775510204092,0.7346938775510214,0.7755102040816337,0.8571428571428583,0.7959183673469394,0.7551020408163271,0.0,1
0.6326530612244902,0.6326530612244902,0.6734693877551025,0.5918367346938779,0.5918367346938779,0.469387755102041,0.7142857142857149,0.7142857142857149,0.7346938775510214,1.0,0.8367346938775517,0.877551020408164,0.8571428571428583,0.7959183673469394,0.8367346938775517,0.8571428571428583,0.816326530612246,0.7755102040816337,0.7959183673469394,0.7346938775510214,0.7142857142857149,0.7142857142857149,0.6938775510204092,0.7346938775510214,0.7755102040816337,0.8571428571428583,0.7959183673469394,0.7551020408163271,0.0,0.020408163265306603,1
0.6326530612244902,0.6734693877551025,0.5918367346938779,0.5918367346938779,0.469387755102041,0.7142857142857149,0.7142857142857149,0.7346938775510214,1.0,0.8367346938775517,0.877551020408164,0.8571428571428583,0.7959183673469394,0.8367346938775517,0.8571428571428583,0.816326530612246,0.7755102040816337,0.7959183673469394,0.7346938775510214,0.7142857142857149,0.7142857142857149,0.6938775510204092,0.7346938775510214,0.7755102040816337,0.8571428571428583,0.7959183673469394,0.7551020408163271,0.0,0.020408163265306603,0.1836734693877558,1
0.6734693877551025,0.5918367346938779,0.5918367346938779,0.469387755102041,0.7142857142857149,0.7142857142857149,0.7346938775510214,1.0,0.8367346938775517,0.877551020408164,0.8571428571428583,0.7959183673469394,0.8367346938775517,0.8571428571428583,0.816326530612246,0.7755102040816337,0.7959183673469394,0.7346938775510214,0.7142857142857149,0.7142857142857149,0.6938775510204092,0.7346938775510214,0.7755102040816337,0.8571428571428583,0.7959183673469394,0.7551020408163271,0.0,0.020408163265306603,0.1836734693877558,0.3265306122448984,0
0.5918367346938779,0.5918367346938779,0.469387755102041,0.7142857142857149,0.7142857142857149,0.7346938775510214,1.0,0.8367346938775517,0.877551020408164,0.8571428571428583,0.7959183673469394,0.8367346938775517,0.8571428571428583,0.816326530612246,0.7755102040816337,0.7959183673469394,0.7346938775510214,0.7142857142857149,0.7142857142857149,0.6938775510204092,0.7346938775510214,0.7755102040816337,0.8571428571428583,0.7959183673469394,0.7551020408163271,0.0,0.020408163265306603,0.1836734693877558,0.3265306122448984,0.3265306122448984,0
0.5918367346938779,0.469387755102041,0.7142857142857149,0.7142857142857149,0.7346938775510214,1.0,0.8367346938775517,0.877551020408164,0.8571428571428583,0.7959183673469394,0.8367346938775517,0.8571428571428583,0.816326530612246,0.7755102040816337,0.7959183673469394,0.7346938775510214,0.7142857142857149,0.7142857142857149,0.6938775510204092,0.7346938775510214,0.7755102040816337,0.8571428571428583,0.7959183673469394,0.7551020408163271,0.0,0.020408163265306603,0.1836734693877558,0.3265306122448984,0.3265306122448984,0.30612244897959273,0
0.469387755102041,0.7142857142857149,0.7142857142857149,0.7346938775510214,1.0,0.8367346938775517,0.877551020408164,0.8571428571428583,0.7959183673469394,0.8367346938775517,0.8571428571428583,0.816326530612246,0.7755102040816337,0.7959183673469394,0.7346938775510214,0.7142857142857149,0.7142857142857149,0.6938775510204092,0.7346938775510214,0.7755102040816337,0.8571428571428583,0.7959183673469394,0.7551020408163271,0.0,0.020408163265306603,0.1836734693877558,0.3265306122448984,0.3265306122448984,0.30612244897959273,0.2244897959183681,1
0.7142857142857149,0.7142857142857149,0.7346938775510214,1.0,0.8367346938775517,0.877551020408164,0.8571428571428583,0.7959183673469394,0.8367346938775517,0.8571428571428583,0.816326530612246,0.7755102040816337,0.7959183673469394,0.7346938775510214,0.7142857142857149,0.7142857142857149,0.6938775510204092,0.7346938775510214,0.7755102040816337,0.8571428571428583,0.7959183673469394,0.7551020408163271,0.0,0.020408163265306603,0.1836734693877558,0.3265306122448984,0.3265306122448984,0.30612244897959273,0.2244897959183681,0.2653061224489804,0
0.7142857142857149,0.7346938775510214,1.0,0.8367346938775517,0.877551020408164,0.8571428571428583,0.7959183673469394,0.8367346938775517,0.8571428571428583,0.816326530612246,0.7755102040816337,0.7959183673469394,0.7346938775510214,0.7142857142857149,0.7142857142857149,0.6938775510204092,0.7346938775510214,0.7755102040816337,0.8571428571428583,0.7959183673469394,0.7551020408163271,0.0,0.020408163265306603,0.1836734693877558,0.3265306122448984,0.3265306122448984,0.30612244897959273,0.2244897959183681,0.2653061224489804,0.2448979591836738,0
0.7346938775510214,1.0,0.8367346938775517,0.877551020408164,0.8571428571428583,0.7959183673469394,0.8367346938775517,0.8571428571428583,0.816326530612246,0.7755102040816337,0.7959183673469394,0.7346938775510214,0.7142857142857149,0.7142857142857149,0.6938775510204092,0.7346938775510214,0.7755102040816337,0.8571428571428583,0.7959183673469394,0.7551020408163271,0.0,0.020408163265306603,0.1836734693877558,0.3265306122448984,0.3265306122448984,0.30612244897959273,0.2244897959183681,0.2653061224489804,0.2448979591836738,0.1836734693877558,1
1.0,0.8367346938775517,0.877551020408164,0.8571428571428583,0.7959183673469394,0.8367346938775517,0.8571428571428583,0.816326530612246,0.7755102040816337,0.7959183673469394,0.7346938775510214,0.7142857142857149,0.7142857142857149,0.6938775510204092,0.7346938775510214,0.7755102040816337,0.8571428571428583,0.7959183673469394,0.7551020408163271,0.0,0.020408163265306603,0.1836734693877558,0.3265306122448984,0.3265306122448984,0.30612244897959273,0.2244897959183681,0.2653061224489804,0.2448979591836738,0.1836734693877558,0.1836734693877558,1
0.9534883720930233,1.0,0.9767441860465121,0.9069767441860465,0.9534883720930233,0.9767441860465121,0.9302325581395353,0.8837209302325586,0.9069767441860465,0.8372093023255818,0.8139534883720929,0.8139534883720929,0.7906976744186051,0.8372093023255818,0.8837209302325586,0.9767441860465121,0.9069767441860465,0.8604651162790697,0.0,0.0232558139534889,0.20930232558139597,0.37209302325581417,0.37209302325581417,0.34883720930232626,0.2558139534883727,0.3023255813953495,0.27906976744186063,0.20930232558139597,0.20930232558139597,0.23255813953488383,1
1.0,0.9767441860465121,0.9069767441860465,0.9534883720930233,0.9767441860465121,0.9302325581395353,0.8837209302325586,0.9069767441860465,0.8372093023255818,0.8139534883720929,0.8139534883720929,0.7906976744186051,0.8372093023255818,0.8837209302325586,0.9767441860465121,0.9069767441860465,0.8604651162790697,0.0,0.0232558139534889,0.20930232558139597,0.37209302325581417,0.37209302325581417,0.34883720930232626,0.2558139534883727,0.3023255813953495,0.27906976744186063,0.20930232558139597,0.20930232558139597,0.23255813953488383,0.39534883720930303,0
1.0,0.928571428571428,0.9761904761904756,1.0,0.9523809523809523,0.9047619047619048,0.928571428571428,0.8571428571428571,0.8333333333333328,0.8333333333333328,0.8095238095238095,0.8571428571428571,0.9047619047619048,1.0,0.928571428571428,0.8809523809523804,0.0,0.02380952380952434,0.2142857142857148,0.38095238095238093,0.38095238095238093,0.35714285714285765,0.2619047619047624,0.30952380952381003,0.2857142857142857,0.2142857142857148,0.2142857142857148,0.23809523809523808,0.40476190476190527,0.35714285714285765,0
0.928571428571428,0.9761904761904756,1.0,0.9523809523809523,0.9047619047619048,0.928571428571428,0.8571428571428571,0.8333333333333328,0.8333333333333328,0.8095238095238095,0.8571428571428571,0.9047619047619048,1.0,0.928571428571428,0.8809523809523804,0.0,0.02380952380952434,0.2142857142857148,0.38095238095238093,0.38095238095238093,0.35714285714285765,0.2619047619047624,0.30952380952381003,0.2857142857142857,0.2142857142857148,0.2142857142857148,0.23809523809523808,0.40476190476190527,0.35714285714285765,0.30952380952381003,0
0.9761904761904756,1.0,0.9523809523809523,0.9047619047619048,0.928571428571428,0.8571428571428571,0.8333333333333328,0.8333333333333328,0.8095238095238095,0.8571428571428571,0.9047619047619048,1.0,0.928571428571428,0.8809523809523804,0.0,0.02380952380952434,0.2142857142857148,0.38095238095238093,0.38095238095238093,0.35714285714285765,0.2619047619047624,0.30952380952381003,0.2857142857142857,0.2142857142857148,0.2142857142857148,0.23809523809523808,0.40476190476190527,0.35714285714285765,0.30952380952381003,0.30952380952381003,1
1.0,0.9523809523809523,0.9047619047619048,0.928571428571428,0.8571428571428571,0.8333333333333328,0.8333333333333328,0.8095238095238095,0.8571428571428571,0.9047619047619048,1.0,0.928571428571428,0.8809523809523804,0.0,0.02380952380952434,0.2142857142857148,0.38095238095238093,0.38095238095238093,0.35714285714285765,0.2619047619047624,0.30952380952381003,0.2857142857142857,0.2142857142857148,0.2142857142857148,0.23809523809523808,0.40476190476190527,0.35714285714285765,0.30952380952381003,0.30952380952381003,0.2857142857142857,1
0.9523809523809523,0.9047619047619048,0.928571428571428,0.8571428571428571,0.8333333333333328,0.8333333333333328,0.8095238095238095,0.8571428571428571,0.9047619047619048,1.0,0.928571428571428,0.8809523809523804,0.0,0.02380952380952434,0.2142857142857148,0.38095238095238093,0.38095238095238093,0.35714285714285765,0.2619047619047624,0.30952380952381003,0.2857142857142857,0.2142857142857148,0.2142857142857148,0.23809523809523808,0.40476190476190527,0.35714285714285765,0.30952380952381003,0.30952380952381003,0.2857142857142857,0.42857142857142855,1
0.33628318584070815,0.34513274336283184,0.31858407079646034,0.30973451327433627,0.30973451327433627,0.3008849557522126,0.31858407079646034,0.33628318584070815,0.3716814159292038,0.34513274336283184,0.3274336283185841,0.0,0.008849557522124095,0.07964601769911529,0.14159292035398238,0.14159292035398238,0.13274336283185867,0.09734513274336308,0.11504424778761088,0.1061946902654868,0.07964601769911529,0.07964601769911529,0.08849557522123899,0.15044247787610648,0.13274336283185867,0.11504424778761088,0.11504424778761088,0.1061946902654868,0.15929203539823017,1.0,0
0.34513274336283184,0.31858407079646034,0.30973451327433627,0.30973451327433627,0.3008849557522126,0.31858407079646034,0.33628318584070815,0.3716814159292038,0.34513274336283184,0.3274336283185841,0.0,0.008849557522124095,0.07964601769911529,0.14159292035398238,0.14159292035398238,0.13274336283185867,0.09734513274336308,0.11504424778761088,0.1061946902654868,0.07964601769911529,0.07964601769911529,0.08849557522123899,0.15044247787610648,0.13274336283185867,0.11504424778761088,0.11504424778761088,0.1061946902654868,0.15929203539823017,1.0,0.9026548672566369,0
0.31858407079646034,0.30973451327433627,0.30973451327433627,0.3008849557522126,0.31858407079646034,0.33628318584070815,0.3716814159292038,0.34513274336283184,0.3274336283185841,0.0,0.008849557522124095,0.07964601769911529,0.14159292035398238,0.14159292035398238,0.13274336283185867,0.09734513274336308,0.11504424778761088,0.1061946902654868,0.07964601769911529,0.07964601769911529,0.08849557522123899,0.15044247787610648,0.13274336283185867,0.11504424778761088,0.11504424778761088,0.1061946902654868,0.15929203539823017,1.0,0.9026548672566369,0.725663716814159,1
0.30973451327433627,0.30973451327433627,0.3008849557522126,0.31858407079646034,0.33628318584070815,0.3716814159292038,0.34513274336283184,0.3274336283185841,0.0,0.008849557522124095,0.07964601769911529,0.14159292035398238,0.14159292035398238,0.13274336283185867,0.09734513274336308,0.11504424778761088,0.1061946902654868,0.07964601769911529,0.07964601769911529,0.08849557522123899,0.15044247787610648,0.13274336283185867,0.11504424778761088,0.11504424778761088,0.1061946902654868,0.15929203539823017,1.0,0.9026548672566369,0.725663716814159,0.7345132743362834,1
0.30973451327433627,0.3008849557522126,0.31858407079646034,0.33628318584070815,0.3716814159292038,0.34513274336283184,0.3274336283185841,0.0,0.008849557522124095,0.07964601769911529,0.14159292035398238,0.14159292035398238,0.13274336283185867,0.09734513274336308,0.11504424778761088,0.1061946902654868,0.07964601769911529,0.07964601769911529,0.08849557522123899,0.15044247787610648,0.13274336283185867,0.11504424778761088,0.11504424778761088,0.1061946902654868,0.15929203539823017,1.0,0.9026548672566369,0.725663716814159,0.7345132743362834,0.8318584070796458,1
0.3008849557522126,0.31858407079646034,0.33628318584070815,0.3716814159292038,0.34513274336283184,0.3274336283185841,0.0,0.008849557522124095,0.07964601769911529,0.14159292035398238,0.14159292035398238,0.13274336283185867,0.09734513274336308,0.11504424778761088,0.1061946902654868,0.07964601769911529,0.07964601769911529,0.08849557522123899,0.15044247787610648,0.13274336283185867,0.11504424778761088,0.11504424778761088,0.1061946902654868,0.15929203539823017,1.0,0.9026548672566369,0.725663716814159,0.7345132743362834,0.8318584070796458,0.920353982300885,0
0.31858407079646034,0.33628318584070815,0.3716814159292038,0.34513274336283184,0.3274336283185841,0.0,0.008849557522124095,0.07964601769911529,0.14159292035398238,0.14159292035398238,0.13274336283185867,0.09734513274336308,0.11504424778761088,0.1061946902654868,0.07964601769911529,0.07964601769911529,0.08849557522123899,0.15044247787610648,0.13274336283185867,0.11504424778761088,0.11504424778761088,0.1061946902654868,0.15929203539823017,1.0,0.9026548672566369,0.725663716814159,0.7345132743362834,0.8318584070796458,0.920353982300885,0.9115044247787606,0
0.33628318584070815,0.3716814159292038,0.34513274336283184,0.3274336283185841,0.0,0.008849557522124095,0.07964601769911529,0.14159292035398238,0.14159292035398238,0.13274336283185867,0.09734513274336308,0.11504424778761088,0.1061946902654868,0.07964601769911529,0.07964601769911529,0.08849557522123899,0.15044247787610648,0.13274336283185867,0.11504424778761088,0.11504424778761088,0.1061946902654868,0.15929203539823017,1.0,0.9026548672566369,0.725663716814159,0.7345132743362834,0.8318584070796458,0.920353982300885,0.9115044247787606,0.7610619469026545,1
0.3716814159292038,0.34513274336283184,0.3274336283185841,0.0,0.008849557522124095,0.07964601769911529,0.14159292035398238,0.14159292035398238,0.13274336283185867,0.09734513274336308,0.11504424778761088,0.1061946902654868,0.07964601769911529,0.07964601769911529,0.08849557522123899,0.15044247787610648,0.13274336283185867,0.11504424778761088,0.11504424778761088,0.1061946902654868,0.15929203539823017,1.0,0.9026548672566369,0.725663716814159,0.7345132743362834,0.8318584070796458,0.920353982300885,0.9115044247787606,0.7610619469026545,0.7079646017699115,1
0.34513274336283184,0.3274336283185841,0.0,0.008849557522124095,0.07964601769911529,0.14159292035398238,0.14159292035398238,0.13274336283185867,0.09734513274336308,0.11504424778761088,0.1061946902654868,0.07964601769911529,0.07964601769911529,0.08849557522123899,0.15044247787610648,0.13274336283185867,0.11504424778761088,0.11504424778761088,0.1061946902654868,0.15929203539823017,1.0,0.9026548672566369,0.725663716814159,0.7345132743362834,0.8318584070796458,0.920353982300885,0.9115044247787606,0.7610619469026545,0.7079646017699115,0.8672566371681413,1
0.3274336283185841,0.0,0.008849557522124095,0.07964601769911529,0.14159292035398238,0.14159292035398238,0.13274336283185867,0.09734513274336308,0.11504424778761088,0.1061946902654868,0.07964601769911529,0.07964601769911529,0.08849557522123899,0.15044247787610648,0.13274336283185867,0.11504424778761088,0.11504424778761088,0.1061946902654868,0.15929203539823017,1.0,0.9026548672566369,0.725663716814159,0.7345132743362834,0.8318584070796458,0.920353982300885,0.9115044247787606,0.7610619469026545,0.7079646017699115,0.8672566371681413,0.9911504424778763,1
0.0,0.008849557522124095,0.07964601769911529,0.14159292035398238,0.14159292035398238,0.13274336283185867,0.09734513274336308,0.11504424778761088,0.1061946902654868,0.07964601769911529,0.07964601769911529,0.08849557522123899,0.15044247787610648,0.13274336283185867,0.11504424778761088,0.11504424778761088,0.1061946902654868,0.15929203539823017,1.0,0.9026548672566369,0.725663716814159,0.7345132743362834,0.8318584070796458,0.920353982300885,0.9115044247787606,0.7610619469026545,0.7079646017699115,0.8672566371681413,0.9911504424778763,0.973451327433628,0
0.0,0.061538461538461604,0.11538461538461534,0.11538461538461534,0.10769230769230781,0.076923076923077,0.0923076923076924,0.08461538461538454,0.061538461538461604,0.061538461538461604,0.06923076923076914,0.12307692307692321,0.10769230769230781,0.0923076923076924,0.0923076923076924,0.08461538461538454,0.13076923076923072,0.8615384615384617,0.7769230769230768,0.6230769230769229,0.6307692307692311,0.7153846153846153,0.7923076923076926,0.7846153846153844,0.6538461538461536,0.6076923076923078,0.7461538461538461,0.8538461538461543,0.8384615384615385,1.0,0
0.0,0.05737704918032775,0.05737704918032775,0.049180327868852514,0.016393442622950838,0.032786885245901676,0.024590163934426073,0.0,0.0,0.008196721311475237,0.06557377049180335,0.049180327868852514,0.032786885245901676,0.032786885245901676,0.024590163934426073,0.07377049180327859,0.8524590163934428,0.7622950819672131,0.5983606557377047,0.6065573770491807,0.6967213114754097,0.7786885245901642,0.7704918032786883,0.6311475409836064,0.5819672131147542,0.7295081967213114,0.8442622950819676,0.8278688524590164,1.0,0.5491803278688525,0
0.05737704918032775,0.05737704918032775,0.049180327868852514,0.016393442622950838,0.032786885245901676,0.024590163934426073,0.0,0.0,0.008196721311475237,0.06557377049180335,0.049180327868852514,0.032786885245901676,0.032786885245901676,0.024590163934426073,0.07377049180327859,0.8524590163934428,0.7622950819672131,0.5983606557377047,0.6065573770491807,0.6967213114754097,0.7786885245901642,0.7704918032786883,0.6311475409836064,0.5819672131147542,0.7295081967213114,0.8442622950819676,0.8278688524590164,1.0,0.5491803278688525,0.1967213114754097,1
0.05737704918032775,0.049180327868852514,0.016393442622950838,0.032786885245901676,0.024590163934426073,0.0,0.0,0.008196721311475237,0.06557377049180335,0.049180327868852514,0.032786885245901676,0.032786885245901676,0.024590163934426073,0.07377049180327859,0.8524590163934428,0.7622950819672131,0.5983606557377047,0.6065573770491807,0.6967213114754097,0.7786885245901642,0.7704918032786883,0.6311475409836064,0.5819672131147542,0.7295081967213114,0.8442622950819676,0.8278688524590164,1.0,0.5491803278688525,0.1967213114754097,0.27868852459016386,1
0.049180327868852514,0.016393442622950838,0.032786885245901676,0.024590163934426073,0.0,0.0,0.008196721311475237,0.06557377049180335,0.049180327868852514,0.032786885245901676,0.032786885245901676,0.024590163934426073,0.07377049180327859,0.8524590163934428,0.7622950819672131,0.5983606557377047,0.6065573770491807,0.6967213114754097,0.7786885245901642,0.7704918032786883,0.6311475409836064,0.5819672131147542,0.7295081967213114,0.8442622950819676,0.8278688524590164,1.0,0.5491803278688525,0.1967213114754097,0.27868852459016386,0.30327868852459033,1
0.016393442622950838,0.032786885245901676,0.024590163934426073,0.0,0.0,0.008196721311475237,0.06557377049180335,0.049180327868852514,0.032786885245901676,0.032786885245901676,0.024590163934426073,0.07377049180327859,0.8524590163934428,0.7622950819672131,0.5983606557377047,0.6065573770491807,0.6967213114754097,0.7786885245901642,0.7704918032786883,0.6311475409836064,0.5819672131147542,0.7295081967213114,0.8442622950819676,0.8278688524590164,1.0,0.5491803278688525,0.1967213114754097,0.27868852459016386,0.30327868852459033,0.5573770491803277,0
0.032786885245901676,0.024590163934426073,0.0,0.0,0.008196721311475237,0.06557377049180335,0.049180327868852514,0.032786885245901676,0.032786885245901676,0.024590163934426073,0.07377049180327859,0.8524590163934428,0.7622950819672131,0.5983606557377047,0.6065573770491807,0.6967213114754097,0.7786885245901642,0.7704918032786883,0.6311475409836064,0.5819672131147542,0.7295081967213114,0.8442622950819676,0.8278688524590164,1.0,0.5491803278688525,0.1967213114754097,0.27868852459016386,0.30327868852459033,0.5573770491803277,0.7950819672131147,0
0.024590163934426073,0.0,0.0,0.008196721311475237,0.06557377049180335,0.049180327868852514,0.032786885245901676,0.032786885245901676,0.024590163934426073,0.07377049180327859,0.8524590163934428,0.7622950819672131,0.5983606557377047,0.6065573770491807,0.6967213114754097,0.7786885245901642,0.7704918032786883,0.6311475409836064,0.5819672131147542,0.7295081967213114,0.8442622950819676,0.8278688524590164,1.0,0.5491803278688525,0.1967213114754097,0.27868852459016386,0.30327868852459033,0.5573770491803277,0.7950819672131147,0.18852459016393444,1
0.0,0.0,0.008196721311475237,0.06557377049180335,0.049180327868852514,0.032786885245901676,0.032786885245901676,0.024590163934426073,0.07377049180327859,0.8524590163934428,0.7622950819672131,0.5983606557377047,0.6065573770491807,0.6967213114754097,0.7786885245901642,0.7704918032786883,0.6311475409836064,0.5819672131147542,0.7295081967213114,0.8442622950819676,0.8278688524590164,1.0,0.5491803278688525,0.1967213114754097,0.27868852459016386,0.30327868852459033,0.5573770491803277,0.7950819672131147,0.18852459016393444,0.27868852459016386,0
0.0,0.008196721311475237,0.06557377049180335,0.049180327868852514,0.032786885245901676,0.032786885245901676,0.024590163934426073,0.07377049180327859,0.8524590163934428,0.7622950819672131,0.5983606557377047,0.6065573770491807,0.6967213114754097,0.7786885245901642,0.7704918032786883,0.6311475409836064,0.5819672131147542,0.7295081967213114,0.8442622950819676,0.8278688524590164,1.0,0.5491803278688525,0.1967213114754097,0.27868852459016386,0.30327868852459033,0.5573770491803277,0.7950819672131147,0.18852459016393444,0.27868852459016386,0.22131147540983612,1
0.0,0.057851239669421725,0.041322314049587,0.02479338842975227,0.02479338842975227,0.016528925619834725,0.0661157024793389,0.8512396694214879,0.7603305785123966,0.5950413223140494,0.6033057851239673,0.6942148760330578,0.7768595041322317,0.7685950413223138,0.6280991735537188,0.5785123966942151,0.7272727272727272,0.8429752066115707,0.8264462809917356,1.0,0.5454545454545456,0.19008264462809915,0.2727272727272728,0.2975206611570251,0.5537190082644627,0.7933884297520661,0.181818181818182,0.2727272727272728,0.21487603305785144,0.22314049586776863,1
0.0420168067226893,0.025210084033613654,0.008403361344538009,0.008403361344538009,0.0,0.05042016806722694,0.8487394957983195,0.7563025210084033,0.5882352941176469,0.5966386554621852,0.6890756302521007,0.7731092436974794,0.7647058823529409,0.6218487394957981,0.5714285714285716,0.722689075630252,0.840336134453782,0.823529411764706,1.0,0.5378151260504203,0.1764705882352941,0.26050420168067234,0.285714285714286,0.5462184873949579,0.7899159663865546,0.16806722689075645,0.26050420168067234,0.20168067226890776,0.21008403361344538,0.23529411764705904,0
0.025210084033613654,0.008403361344538009,0.008403361344538009,0.0,0.05042016806722694,0.8487394957983195,0.7563025210084033,0.5882352941176469,0.5966386554621852,0.6890756302521007,0.7731092436974794,0.7647058823529409,0.6218487394957981,0.5714285714285716,0.722689075630252,0.840336134453782,0.823529411764706,1.0,0.5378151260504203,0.1764705882352941,0.26050420168067234,0.285714285714286,0.5462184873949579,0.7899159663865546,0.16806722689075645,0.26050420168067234,0.20168067226890776,0.21008403361344538,0.23529411764705904,0.21008403361344538,0
0.008403361344538009,0.008403361344538009,0.0,0.05042016806722694,0.8487394957983195,0.7563025210084033,0.5882352941176469,0.5966386554621852,0.6890756302521007,0.7731092436974794,0.7647058823529409,0.6218487394957981,0.5714285714285716,0.722689075630252,0.840336134453782,0.823529411764706,1.0,0.5378151260504203,0.1764705882352941,0.26050420168067234,0.285714285714286,0.5462184873949579,0.7899159663865546,0.16806722689075645,0.26050420168067234,0.20168067226890776,0.21008403361344538,0.23529411764705904,0.21008403361344538,0.2436974789915967,0
0.008403361344538009,0.0,0.05042016806722694,0.8487394957983195,0.7563025210084033,0.5882352941176469,0.5966386554621852,0.6890756302521007,0.7731092436974794,0.7647058823529409,0.6218487394957981,0.5714285714285716,0.722689075630252,0.840336134453782,0.823529411764706,1.0,0.5378151260504203,0.1764705882352941,0.26050420168067234,0.285714285714286,0.5462184873949579,0.7899159663865546,0.16806722689075645,0.26050420168067234,0.20168067226890776,0.21008403361344538,0.23529411764705904,0.21008403361344538,0.2436974789915967,0.15966386554621845,1
0.0,0.05042016806722694,0.8487394957983195,0.7563025210084033,0.5882352941176469,0.5966386554621852,0.6890756302521007,0.7731092436974794,0.7647058823529409,0.6218487394957981,0.5714285714285716,0.722689075630252,0.840336134453782,0.823529411764706,1.0,0.5378151260504203,0.1764705882352941,0.26050420168067234,0.285714285714286,0.5462184873949579,0.7899159663865546,0.16806722689075645,0.26050420168067234,0.20168067226890776,0.21008403361344538,0.23529411764705904,0.21008403361344538,0.2436974789915967,0.15966386554621845,0.1764705882352941,1
0.0,0.8407079646017701,0.743362831858407,0.566371681415929,0.5752212389380534,0.6725663716814158,0.7610619469026553,0.7522123893805307,0.6017699115044246,0.5486725663716816,0.7079646017699114,0.8318584070796464,0.8141592920353983,1.0,0.513274336283186,0.13274336283185834,0.22123893805309736,0.24778761061946927,0.5221238938053097,0.7787610619469026,0.12389380530973464,0.22123893805309736,0.15929203539823025,0.16814159292035394,0.19469026548672586,0.16814159292035394,0.20353982300884957,0.11504424778761053,0.13274336283185834,0.15929203539823025,0
0.8200000000000003,0.71,0.5099999999999998,0.5200000000000005,0.6299999999999999,0.7300000000000004,0.7199999999999998,0.5499999999999998,0.4900000000000002,0.6699999999999999,0.8100000000000005,0.79,1.0,0.4500000000000002,0.020000000000000018,0.1200000000000001,0.15000000000000036,0.45999999999999996,0.75,0.010000000000000231,0.1200000000000001,0.050000000000000266,0.06000000000000005,0.0900000000000003,0.06000000000000005,0.10000000000000009,0.0,0.020000000000000018,0.050000000000000266,0.06000000000000005,0
0.71,0.5099999999999998,0.5200000000000005,0.6299999999999999,0.7300000000000004,0.7199999999999998,0.5499999999999998,0.4900000000000002,0.6699999999999999,0.8100000000000005,0.79,1.0,0.4500000000000002,0.020000000000000018,0.1200000000000001,0.15000000000000036,0.45999999999999996,0.75,0.010000000000000231,0.1200000000000001,0.050000000000000266,0.06000000000000005,0.0900000000000003,0.06000000000000005,0.10000000000000009,0.0,0.020000000000000018,0.050000000000000266,0.06000000000000005,0.0,0
0.5099999999999998,0.5200000000000005,0.6299999999999999,0.7300000000000004,0.7199999999999998,0.5499999999999998,0.4900000000000002,0.6699999999999999,0.8100000000000005,0.79,1.0,0.4500000000000002,0.020000000000000018,0.1200000000000001,0.15000000000000036,0.45999999999999996,0.75,0.010000000000000231,0.1200000000000001,0.050000000000000266,0.06000000000000005,0.0900000000000003,0.06000000000000005,0.10000000000000009,0.0,0.020000000000000018,0.050000000000000266,0.06000000000000005,0.0,0.0,0
0.5428571428571433,0.6476190476190474,0.7428571428571432,0.7333333333333331,0.5714285714285712,0.5142857142857145,0.6857142857142856,0.8190476190476195,0.8,1.0,0.4761904761904763,0.06666666666666653,0.16190476190476186,0.1904761904761907,0.4857142857142856,0.7619047619047619,0.057142857142857204,0.16190476190476186,0.09523809523809534,0.10476190476190467,0.13333333333333347,0.10476190476190467,0.1428571428571428,0.04761904761904746,0.06666666666666653,0.09523809523809534,0.10476190476190467,0.04761904761904746,0.04761904761904746,0.0,0
0.6725663716814158,0.7610619469026553,0.7522123893805307,0.6017699115044246,0.5486725663716816,0.7079646017699114,0.8318584070796464,0.8141592920353983,1.0,0.513274336283186,0.13274336283185834,0.22123893805309736,0.24778761061946927,0.5221238938053097,0.7787610619469026,0.12389380530973464,0.22123893805309736,0.15929203539823025,0.16814159292035394,0.19469026548672586,0.16814159292035394,0.20353982300884957,0.11504424778761053,0.13274336283185834,0.15929203539823025,0.16814159292035394,0.11504424778761053,0.11504424778761053,0.07079646017699122,0.0,1
0.7610619469026553,0.7522123893805307,0.6017699115044246,0.5486725663716816,0.7079646017699114,0.8318584070796464,0.8141592920353983,1.0,0.513274336283186,0.13274336283185834,0.22123893805309736,0.24778761061946927,0.5221238938053097,0.7787610619469026,0.12389380530973464,0.22123893805309736,0.15929203539823025,0.16814159292035394,0.19469026548672586,0.16814159292035394,0.20353982300884957,0.11504424778761053,0.13274336283185834,0.15929203539823025,0.16814159292035394,0.11504424778761053,0.11504424778761053,0.07079646017699122,0.0,0.10619469026548684,1
0.7522123893805307,0.6017699115044246,0.5486725663716816,0.7079646017699114,0.8318584070796464,0.8141592920353983,1.0,0.513274336283186,0.13274336283185834,0.22123893805309736,0.24778761061946927,0.5221238938053097,0.7787610619469026,0.12389380530973464,0.22123893805309736,0.15929203539823025,0.16814159292035394,0.19469026548672586,0.16814159292035394,0.20353982300884957,0.11504424778761053,0.13274336283185834,0.15929203539823025,0.16814159292035394,0.11504424778761053,0.11504424778761053,0.07079646017699122,0.0,0.10619469026548684,0.13274336283185834,0
0.6017699115044246,0.5486725663716816,0.7079646017699114,0.8318584070796464,0.8141592920353983,1.0,0.513274336283186,0.13274336283185834,0.22123893805309736,0.24778761061946927,0.5221238938053097,0.7787610619469026,0.12389380530973464,0.22123893805309736,0.15929203539823025,0.16814159292035394,0.19469026548672586,0.16814159292035394,0.20353982300884957,0.11504424778761053,0.13274336283185834,0.15929203539823025,0.16814159292035394,0.11504424778761053,0.11504424778761053,0.07079646017699122,0.0,0.10619469026548684,0.13274336283185834,0.12389380530973464,1
0.5486725663716816,0.7079646017699114,0.8318584070796464,0.8141592920353983,1.0,0.513274336283186,0.13274336283185834,0.22123893805309736,0.24778761061946927,0.5221238938053097,0.7787610619469026,0.12389380530973464,0.22123893805309736,0.15929203539823025,0.16814159292035394,0.19469026548672586,0.16814159292035394,0.20353982300884957,0.11504424778761053,0.13274336283185834,0.15929203539823025,0.16814159292035394,0.11504424778761053,0.11504424778761053,0.07079646017699122,0.0,0.10619469026548684,0.13274336283185834,0.12389380530973464,0.12389380530973464,1
0.7079646017699114,0.8318584070796464,0.8141592920353983,1.0,0.513274336283186,0.13274336283185834,0.22123893805309736,0.24778761061946927,0.5221238938053097,0.7787610619469026,0.12389380530973464,0.22123893805309736,0.15929203539823025,0.16814159292035394,0.19469026548672586,0.16814159292035394,0.20353982300884957,0.11504424778761053,0.13274336283185834,0.15929203539823025,0.16814159292035394,0.11504424778761053,0.11504424778761053,0.07079646017699122,0.0,0.10619469026548684,0.13274336283185834,0.12389380530973464,0.12389380530973464,0.2743362831858404,1
0.8318584070796464,0.8141592920353983,1.0,0.513274336283186,0.13274336283185834,0.22123893805309736,0.24778761061946927,0.5221238938053097,0.7787610619469026,0.12389380530973464,0.22123893805309736,0.15929203539823025,0.16814159292035394,0.19469026548672586,0.16814159292035394,0.20353982300884957,0.11504424778761053,0.13274336283185834,0.15929203539823025,0.16814159292035394,0.11504424778761053,0.11504424778761053,0.07079646017699122,0.0,0.10619469026548684,0.13274336283185834,0.12389380530973464,0.12389380530973464,0.2743362831858404,0.3274336283185842,1
0.8141592920353983,1.0,0.513274336283186,0.13274336283185834,0.22123893805309736,0.24778761061946927,0.5221238938053097,0.7787610619469026,0.12389380530973464,0.22123893805309736,0.15929203539823025,0.16814159292035394,0.19469026548672586,0.16814159292035394,0.20353982300884957,0.11504424778761053,0.13274336283185834,0.15929203539823025,0.16814159292035394,0.11504424778761053,0.11504424778761053,0.07079646017699122,0.0,0.10619469026548684,0.13274336283185834,0.12389380530973464,0.12389380530973464,0.2743362831858404,0.3274336283185842,0.3274336283185842,1
1.0,0.513274336283186,0.13274336283185834,0.22123893805309736,0.24778761061946927,0.5221238938053097,0.7787610619469026,0.12389380530973464,0.22123893805309736,0.15929203539823025,0.16814159292035394,0.19469026548672586,0.16814159292035394,0.20353982300884957,0.11504424778761053,0.13274336283185834,0.15929203539823025,0.16814159292035394,0.11504424778761053,0.11504424778761053,0.07079646017699122,0.0,0.10619469026548684,0.13274336283185834,0.12389380530973464,0.12389380530973464,0.2743362831858404,0.3274336283185842,0.3274336283185842,0.3362831858407079,0
0.6590909090909093,0.1704545454545454,0.2840909090909091,0.3181818181818185,0.6704545454545454,1.0,0.15909090909090925,0.2840909090909091,0.20454545454545475,0.21590909090909088,0.2500000000000003,0.21590909090909088,0.26136363636363635,0.14772727272727262,0.1704545454545454,0.20454545454545475,0.21590909090909088,0.14772727272727262,0.14772727272727262,0.090909090909091,0.0,0.1363636363636365,0.1704545454545454,0.15909090909090925,0.15909090909090925,0.35227272727272685,0.42045454545454564,0.42045454545454564,0.43181818181818177,0.42045454545454564,0
0.1704545454545454,0.2840909090909091,0.3181818181818185,0.6704545454545454,1.0,0.15909090909090925,0.2840909090909091,0.20454545454545475,0.21590909090909088,0.2500000000000003,0.21590909090909088,0.26136363636363635,0.14772727272727262,0.1704545454545454,0.20454545454545475,0.21590909090909088,0.14772727272727262,0.14772727272727262,0.090909090909091,0.0,0.1363636363636365,0.1704545454545454,0.15909090909090925,0.15909090909090925,0.35227272727272685,0.42045454545454564,0.42045454545454564,0.43181818181818177,0.42045454545454564,0.3977272727272724,0
0.2840909090909091,0.3181818181818185,0.6704545454545454,1.0,0.15909090909090925,0.2840909090909091,0.20454545454545475,0.21590909090909088,0.2500000000000003,0.21590909090909088,0.26136363636363635,0.14772727272727262,0.1704545454545454,0.20454545454545475,0.21590909090909088,0.14772727272727262,0.14772727272727262,0.090909090909091,0.0,0.1363636363636365,0.1704545454545454,0.15909090909090925,0.15909090909090925,0.35227272727272685,0.42045454545454564,0.42045454545454564,0.43181818181818177,0.42045454545454564,0.3977272727272724,0.3750000000000001,1
0.3181818181818185,0.6704545454545454,1.0,0.15909090909090925,0.2840909090909091,0.20454545454545475,0.21590909090909088,0.2500000000000003,0.21590909090909088,0.26136363636363635,0.14772727272727262,0.1704545454545454,0.20454545454545475,0.21590909090909088,0.14772727272727262,0.14772727272727262,0.090909090909091,0.0,0.1363636363636365,0.1704545454545454,0.15909090909090925,0.15909090909090925,0.35227272727272685,0.42045454545454564,0.42045454545454564,0.43181818181818177,0.42045454545454564,0.3977272727272724,0.3750000000000001,0.3750000000000001,0
0.6704545454545454,1.0,0.15909090909090925,0.2840909090909091,0.20454545454545475,0.21590909090909088,0.2500000000000003,0.21590909090909088,0.26136363636363635,0.14772727272727262,0.1704545454545454,0.20454545454545475,0.21590909090909088,0.14772727272727262,0.14772727272727262,0.090909090909091,0.0,0.1363636363636365,0.1704545454545454,0.15909090909090925,0.15909090909090925,0.35227272727272685,0.42045454545454564,0.42045454545454564,0.43181818181818177,0.42045454545454564,0.3977272727272724,0.3750000000000001,0.3750000000000001,0.3750000000000001,0
1.0,0.15909090909090925,0.2840909090909091,0.20454545454545475,0.21590909090909088,0.2500000000000003,0.21590909090909088,0.26136363636363635,0.14772727272727262,0.1704545454545454,0.20454545454545475,0.21590909090909088,0.14772727272727262,0.14772727272727262,0.090909090909091,0.0,0.1363636363636365,0.1704545454545454,0.15909090909090925,0.15909090909090925,0.35227272727272685,0.42045454545454564,0.42045454545454564,0.43181818181818177,0.42045454545454564,0.3977272727272724,0.3750000000000001,0.3750000000000001,0.3750000000000001,0.35227272727272685,0
0.36842105263157937,0.6578947368421054,0.4736842105263163,0.5,0.5789473684210533,0.5,0.605263157894737,0.3421052631578946,0.39473684210526305,0.4736842105263163,0.5,0.3421052631578946,0.3421052631578946,0.21052631578947392,0.0,0.3157894736842109,0.39473684210526305,0.36842105263157937,0.36842105263157937,0.8157894736842097,0.9736842105263164,0.9736842105263164,1.0,0.9736842105263164,0.9210526315789467,0.8684210526315794,0.8684210526315794,0.8684210526315794,0.8157894736842097,0.23684210526315758,0
0.6578947368421054,0.4736842105263163,0.5,0.5789473684210533,0.5,0.605263157894737,0.3421052631578946,0.39473684210526305,0.4736842105263163,0.5,0.3421052631578946,0.3421052631578946,0.21052631578947392,0.0,0.3157894736842109,0.39473684210526305,0.36842105263157937,0.36842105263157937,0.8157894736842097,0.9736842105263164,0.9736842105263164,1.0,0.9736842105263164,0.9210526315789467,0.8684210526315794,0.8684210526315794,0.8684210526315794,0.8157894736842097,0.23684210526315758,0.1842105263157891,0
0.4736842105263163,0.5,0.5789473684210533,0.5,0.605263157894737,0.3421052631578946,0.39473684210526305,0.4736842105263163,0.5,0.3421052631578946,0.3421052631578946,0.21052631578947392,0.0,0.3157894736842109,0.39473684210526305,0.36842105263157937,0.36842105263157937,0.8157894736842097,0.9736842105263164,0.9736842105263164,1.0,0.9736842105263164,0.9210526315789467,0.8684210526315794,0.8684210526315794,0.8684210526315794,0.8157894736842097,0.23684210526315758,0.1842105263157891,0.21052631578947392,0
0.5,0.5789473684210533,0.5,0.605263157894737,0.3421052631578946,0.39473684210526305,0.4736842105263163,0.5,0.3421052631578946,0.3421052631578946,0.21052631578947392,0.0,0.3157894736842109,0.39473684210526305,0.36842105263157937,0.36842105263157937,0.8157894736842097,0.9736842105263164,0.9736842105263164,1.0,0.9736842105263164,0.9210526315789467,0.8684210526315794,0.8684210526315794,0.8684210526315794,0.8157894736842097,0.23684210526315758,0.1842105263157891,0.21052631578947392,0.13157894736842063,0
0.5789473684210533,0.5,0.605263157894737,0.3421052631578946,0.39473684210526305,0.4736842105263163,0.5,0.3421052631578946,0.3421052631578946,0.21052631578947392,0.0,0.3157894736842109,0.39473684210526305,0.36842105263157937,0.36842105263157937,0.8157894736842097,0.9736842105263164,0.9736842105263164,1.0,0.9736842105263164,0.9210526315789467,0.8684210526315794,0.8684210526315794,0.8684210526315794,0.8157894736842097,0.23684210526315758,0.1842105263157891,0.21052631578947392,0.13157894736842063,0.026315789473684827,1
0.5,0.605263157894737,0.3421052631578946,0.39473684210526305,0.4736842105263163,0.5,0.3421052631578946,0.3421052631578946,0.21052631578947392,0.0,0.3157894736842109,0.39473684210526305,0.36842105263157937,0.36842105263157937,0.8157894736842097,0.9736842105263164,0.9736842105263164,1.0,0.9736842105263164,0.9210526315789467,0.8684210526315794,0.8684210526315794,0.8684210526315794,0.8157894736842097,0.23684210526315758,0.1842105263157891,0.21052631578947392,0.13157894736842063,0.026315789473684827,0.15789473684210545,1
0.605263157894737,0.3421052631578946,0.39473684210526305,0.4736842105263163,0.5,0.3421052631578946,0.3421052631578946,0.21052631578947392,0.0,0.3157894736842109,0.39473684210526305,0.36842105263157937,0.36842105263157937,0.8157894736842097,0.9736842105263164,0.9736842105263164,1.0,0.9736842105263164,0.9210526315789467,0.8684210526315794,0.8684210526315794,0.8684210526315794,0.8157894736842097,0.23684210526315758,0.1842105263157891,0.21052631578947392,0.13157894736842063,0.026315789473684827,0.15789473684210545,0.2631578947368424,1
0.3421052631578946,0.39473684210526305,0.4736842105263163,0.5,0.3421052631578946,0.3421052631578946,0.21052631578947392,0.0,0.3157894736842109,0.39473684210526305,0.36842105263157937,0.36842105263157937,0.8157894736842097,0.9736842105263164,0.9736842105263164,1.0,0.9736842105263164,0.9210526315789467,0.8684210526315794,0.8684210526315794,0.8684210526315794,0.8157894736842097,0.23684210526315758,0.1842105263157891,0.21052631578947392,0.13157894736842063,0.026315789473684827,0.15789473684210545,0.2631578947368424,0.21052631578947392,1
0.39473684210526305,0.4736842105263163,0.5,0.3421052631578946,0.3421052631578946,0.21052631578947392,0.0,0.3157894736842109,0.39473684210526305,0.36842105263157937,0.36842105263157937,0.8157894736842097,0.9736842105263164,0.9736842105263164,1.0,0.9736842105263164,0.9210526315789467,0.8684210526315794,0.8684210526315794,0.8684210526315794,0.8157894736842097,0.23684210526315758,0.1842105263157891,0.21052631578947392,0.13157894736842063,0.026315789473684827,0.15789473684210545,0.2631578947368424,0.21052631578947392,0.3157894736842109,0
0.4736842105263163,0.5,0.3421052631578946,0.3421052631578946,0.21052631578947392,0.0,0.3157894736842109,0.39473684210526305,0.36842105263157937,0.36842105263157937,0.8157894736842097,0.9736842105263164,0.9736842105263164,1.0,0.9736842105263164,0.9210526315789467,0.8684210526315794,0.8684210526315794,0.8684210526315794,0.8157894736842097,0.23684210526315758,0.1842105263157891,0.21052631578947392,0.13157894736842063,0.026315789473684827,0.15789473684210545,0.2631578947368424,0.21052631578947392,0.3157894736842109,0.21052631578947392,0
0.5,0.3421052631578946,0.3421052631578946,0.21052631578947392,0.0,0.3157894736842109,0.39473684210526305,0.36842105263157937,0.36842105263157937,0.8157894736842097,0.9736842105263164,0.9736842105263164,1.0,0.9736842105263164,0.9210526315789467,0.8684210526315794,0.8684210526315794,0.8684210526315794,0.8157894736842097,0.23684210526315758,0.1842105263157891,0.21052631578947392,0.13157894736842063,0.026315789473684827,0.15789473684210545,0.2631578947368424,0.21052631578947392,0.3157894736842109,0.21052631578947392,0.13157894736842063,1
0.3421052631578946,0.3421052631578946,0.21052631578947392,0.0,0.3157894736842109,0.39473684210526305,0.36842105263157937,0.36842105263157937,0.8157894736842097,0.9736842105263164,0.9736842105263164,1.0,0.9736842105263164,0.9210526315789467,0.8684210526315794,0.8684210526315794,0.8684210526315794,0.8157894736842097,0.23684210526315758,0.1842105263157891,0.21052631578947392,0.13157894736842063,0.026315789473684827,0.15789473684210545,0.2631578947368424,0.21052631578947392,0.3157894736842109,0.21052631578947392,0.13157894736842063,0.15789473684210545,1
0.3421052631578946,0.21052631578947392,0.0,0.3157894736842109,0.39473684210526305,0.36842105263157937,0.36842105263157937,0.8157894736842097,0.9736842105263164,0.9736842105263164,1.0,0.9736842105263164,0.9210526315789467,0.8684210526315794,0.8684210526315794,0.8684210526315794,0.8157894736842097,0.23684210526315758,0.1842105263157891,0.21052631578947392,0.13157894736842063,0.026315789473684827,0.15789473684210545,0.2631578947368424,0.21052631578947392,0.3157894736842109,0.21052631578947392,0.13157894736842063,0.15789473684210545,0.1842105263157891,1
0.21052631578947392,0.0,0.3157894736842109,0.39473684210526305,0.36842105263157937,0.36842105263157937,0.8157894736842097,0.9736842105263164,0.9736842105263164,1.0,0.9736842105263164,0.9210526315789467,0.8684210526315794,0.8684210526315794,0.8684210526315794,0.8157894736842097,0.23684210526315758,0.1842105263157891,0.21052631578947392,0.13157894736842063,0.026315789473684827,0.15789473684210545,0.2631578947368424,0.21052631578947392,0.3157894736842109,0.21052631578947392,0.13157894736842063,0.15789473684210545,0.1842105263157891,0.2631578947368424,1
0.0,0.3157894736842109,0.39473684210526305,0.36842105263157937,0.36842105263157937,0.8157894736842097,0.9736842105263164,0.9736842105263164,1.0,0.9736842105263164,0.9210526315789467,0.8684210526315794,0.8684210526315794,0.8684210526315794,0.8157894736842097,0.23684210526315758,0.1842105263157891,0.21052631578947392,0.13157894736842063,0.026315789473684827,0.15789473684210545,0.2631578947368424,0.21052631578947392,0.3157894736842109,0.21052631578947392,0.13157894736842063,0.15789473684210545,0.1842105263157891,0.2631578947368424,0.3421052631578946,1
0.29729729729729726,0.37837837837837784,0.35135135135135137,0.35135135135135137,0.8108108108108099,0.9729729729729735,0.9729729729729735,1.0,0.9729729729729735,0.9189189189189182,0.8648648648648652,0.8648648648648652,0.8648648648648652,0.8108108108108099,0.2162162162162154,0.16216216216216126,0.18918918918918892,0.1081081081081071,0.0,0.13513513513513478,0.2432432432432431,0.18918918918918892,0.29729729729729726,0.18918918918918892,0.1081081081081071,0.13513513513513478,0.16216216216216126,0.2432432432432431,0.32432432432432373,0.35135135135135137,0
0.37837837837837784,0.35135135135135137,0.35135135135135137,0.8108108108108099,0.9729729729729735,0.9729729729729735,1.0,0.9729729729729735,0.9189189189189182,0.8648648648648652,0.8648648648648652,0.8648648648648652,0.8108108108108099,0.2162162162162154,0.16216216216216126,0.18918918918918892,0.1081081081081071,0.0,0.13513513513513478,0.2432432432432431,0.18918918918918892,0.29729729729729726,0.18918918918918892,0.1081081081081071,0.13513513513513478,0.16216216216216126,0.2432432432432431,0.32432432432432373,0.35135135135135137,0.29729729729729726,0
0.35135135135135137,0.35135135135135137,0.8108108108108099,0.9729729729729735,0.9729729729729735,1.0,0.9729729729729735,0.9189189189189182,0.8648648648648652,0.8648648648648652,0.8648648648648652,0.8108108108108099,0.2162162162162154,0.16216216216216126,0.18918918918918892,0.1081081081081071,0.0,0.13513513513513478,0.2432432432432431,0.18918918918918892,0.29729729729729726,0.18918918918918892,0.1081081081081071,0.13513513513513478,0.16216216216216126,0.2432432432432431,0.32432432432432373,0.35135135135135137,0.29729729729729726,0.29729729729729726,0
0.35135135135135137,0.8108108108108099,0.9729729729729735,0.9729729729729735,1.0,0.9729729729729735,0.9189189189189182,0.8648648648648652,0.8648648648648652,0.8648648648648652,0.8108108108108099,0.2162162162162154,0.16216216216216126,0.18918918918918892,0.1081081081081071,0.0,0.13513513513513478,0.2432432432432431,0.18918918918918892,0.29729729729729726,0.18918918918918892,0.1081081081081071,0.13513513513513478,0.16216216216216126,0.2432432432432431,0.32432432432432373,0.35135135135135137,0.29729729729729726,0.29729729729729726,0.2162162162162154,0
0.8108108108108099,0.9729729729729735,0.9729729729729735,1.0,0.9729729729729735,0.9189189189189182,0.8648648648648652,0.8648648648648652,0.8648648648648652,0.8108108108108099,0.2162162162162154,0.16216216216216126,0.18918918918918892,0.1081081081081071,0.0,0.13513513513513478,0.2432432432432431,0.18918918918918892,0.29729729729729726,0.18918918918918892,0.1081081081081071,0.13513513513513478,0.16216216216216126,0.2432432432432431,0.32432432432432373,0.35135135135135137,0.29729729729729726,0.29729729729729726,0.2162162162162154,0.13513513513513478,1
0.9729729729729735,0.9729729729729735,1.0,0.9729729729729735,0.9189189189189182,0.8648648648648652,0.8648648648648652,0.8648648648648652,0.8108108108108099,0.2162162162162154,0.16216216216216126,0.18918918918918892,0.1081081081081071,0.0,0.13513513513513478,0.2432432432432431,0.18918918918918892,0.29729729729729726,0.18918918918918892,0.1081081081081071,0.13513513513513478,0.16216216216216126,0.2432432432432431,0.32432432432432373,0.35135135135135137,0.29729729729729726,0.29729729729729726,0.2162162162162154,0.13513513513513478,0.2162162162162154,1
0.9729729729729735,1.0,0.9729729729729735,0.9189189189189182,0.8648648648648652,0.8648648648648652,0.8648648648648652,0.8108108108108099,0.2162162162162154,0.16216216216216126,0.18918918918918892,0.1081081081081071,0.0,0.13513513513513478,0.2432432432432431,0.18918918918918892,0.29729729729729726,0.18918918918918892,0.1081081081081071,0.13513513513513478,0.16216216216216126,0.2432432432432431,0.32432432432432373,0.35135135135135137,0.29729729729729726,0.29729729729729726,0.2162162162162154,0.13513513513513478,0.2162162162162154,0.5405405405405403,0
1.0,0.9729729729729735,0.9189189189189182,0.8648648648648652,0.8648648648648652,0.8648648648648652,0.8108108108108099,0.2162162162162154,0.16216216216216126,0.18918918918918892,0.1081081081081071,0.0,0.13513513513513478,0.2432432432432431,0.18918918918918892,0.29729729729729726,0.18918918918918892,0.1081081081081071,0.13513513513513478,0.16216216216216126,0.2432432432432431,0.32432432432432373,0.35135135135135137,0.29729729729729726,0.29729729729729726,0.2162162162162154,0.13513513513513478,0.2162162162162154,0.5405405405405403,0.5405405405405403,0
1.0,0.9444444444444431,0.8888888888888887,0.8888888888888887,0.8888888888888887,0.8333333333333319,0.22222222222222127,0.16666666666666563,0.19444444444444406,0.11111111111111001,0.0,0.13888888888888845,0.2499999999999997,0.19444444444444406,0.3055555555555553,0.19444444444444406,0.11111111111111001,0.13888888888888845,0.16666666666666563,0.2499999999999997,0.33333333333333254,0.36111111111111094,0.3055555555555553,0.3055555555555553,0.22222222222222127,0.13888888888888845,0.22222222222222127,0.555555555555555,0.555555555555555,0.44444444444444375,1
1.0,0.9411764705882364,0.9411764705882364,0.9411764705882364,0.8823529411764702,0.23529411764705813,0.17647058823529327,0.20588235294117635,0.11764705882352841,0.0,0.1470588235294115,0.26470588235294124,0.20588235294117635,0.32352941176470607,0.20588235294117635,0.11764705882352841,0.1470588235294115,0.17647058823529327,0.26470588235294124,0.35294117647058787,0.38235294117647095,0.32352941176470607,0.32352941176470607,0.23529411764705813,0.1470588235294115,0.23529411764705813,0.5882352941176473,0.5882352941176473,0.4705882352941176,0.5294117647058825,0
1.0,1.0,1.0,0.9374999999999986,0.24999999999999895,0.18749999999999886,0.2187499999999996,0.12499999999999878,0.0,0.15624999999999953,0.2812499999999997,0.2187499999999996,0.3437499999999998,0.2187499999999996,0.12499999999999878,0.15624999999999953,0.18749999999999886,0.2812499999999997,0.3749999999999991,0.4062499999999999,0.3437499999999998,0.3437499999999998,0.24999999999999895,0.15624999999999953,0.24999999999999895,0.6249999999999994,0.6249999999999994,0.4999999999999993,0.5624999999999994,0.6249999999999994,0
1.0,1.0,0.9374999999999986,0.24999999999999895,0.18749999999999886,0.2187499999999996,0.12499999999999878,0.0,0.15624999999999953,0.2812499999999997,0.2187499999999996,0.3437499999999998,0.2187499999999996,0.12499999999999878,0.15624999999999953,0.18749999999999886,0.2812499999999997,0.3749999999999991,0.4062499999999999,0.3437499999999998,0.3437499999999998,0.24999999999999895,0.15624999999999953,0.24999999999999895,0.6249999999999994,0.6249999999999994,0.4999999999999993,0.5624999999999994,0.6249999999999994,0.31249999999999906,0
1.0,0.9374999999999986,0.24999999999999895,0.18749999999999886,0.2187499999999996,0.12499999999999878,0.0,0.15624999999999953,0.2812499999999997,0.2187499999999996,0.3437499999999998,0.2187499999999996,0.12499999999999878,0.15624999999999953,0.18749999999999886,0.2812499999999997,0.3749999999999991,0.4062499999999999,0.3437499999999998,0.3437499999999998,0.24999999999999895,0.15624999999999953,0.24999999999999895,0.6249999999999994,0.6249999999999994,0.4999999999999993,0.5624999999999994,0.6249999999999994,0.31249999999999906,0.18749999999999886,1
1.0,0.266666666666666,0.19999999999999912,0.23333333333333328,0.13333333333333225,0.0,0.1666666666666664,0.30000000000000016,0.23333333333333328,0.36666666666666703,0.23333333333333328,0.13333333333333225,0.1666666666666664,0.19999999999999912,0.30000000000000016,0.3999999999999997,0.4333333333333339,0.36666666666666703,0.36666666666666703,0.266666666666666,0.1666666666666664,0.266666666666666,0.6666666666666672,0.6666666666666672,0.5333333333333334,0.6000000000000003,0.6666666666666672,0.3333333333333328,0.19999999999999912,0.3999999999999997,0
0.3999999999999987,0.29999999999999843,0.34999999999999964,0.19999999999999823,0.0,0.24999999999999944,0.4499999999999999,0.34999999999999964,0.5500000000000002,0.34999999999999964,0.19999999999999823,0.24999999999999944,0.29999999999999843,0.4499999999999999,0.5999999999999991,0.6500000000000004,0.5500000000000002,0.5500000000000002,0.3999999999999987,0.24999999999999944,0.3999999999999987,1.0,1.0,0.7999999999999996,0.8999999999999998,1.0,0.4999999999999989,0.29999999999999843,0.5999999999999991,0.14999999999999922,1
0.29999999999999843,0.34999999999999964,0.19999999999999823,0.0,0.24999999999999944,0.4499999999999999,0.34999999999999964,0.5500000000000002,0.34999999999999964,0.19999999999999823,0.24999999999999944,0.29999999999999843,0.4499999999999999,0.5999999999999991,0.6500000000000004,0.5500000000000002,0.5500000000000002,0.3999999999999987,0.24999999999999944,0.3999999999999987,1.0,1.0,0.7999999999999996,0.8999999999999998,1.0,0.4999999999999989,0.29999999999999843,0.5999999999999991,0.14999999999999922,0.3999999999999987,1
0.34999999999999964,0.19999999999999823,0.0,0.24999999999999944,0.4499999999999999,0.34999999999999964,0.5500000000000002,0.34999999999999964,0.19999999999999823,0.24999999999999944,0.29999999999999843,0.4499999999999999,0.5999999999999991,0.6500000000000004,0.5500000000000002,0.5500000000000002,0.3999999999999987,0.24999999999999944,0.3999999999999987,1.0,1.0,0.7999999999999996,0.8999999999999998,1.0,0.4999999999999989,0.29999999999999843,0.5999999999999991,0.14999999999999922,0.3999999999999987,0.5999999999999991,1
0.08888888888888803,0.0,0.11111111111111079,0.1999999999999998,0.15555555555555528,0.24444444444444433,0.15555555555555528,0.08888888888888803,0.11111111111111079,0.13333333333333255,0.1999999999999998,0.26666666666666605,0.2888888888888888,0.24444444444444433,0.24444444444444433,0.17777777777777706,0.11111111111111079,0.17777777777777706,0.44444444444444414,0.44444444444444414,0.35555555555555507,0.3999999999999996,0.44444444444444414,0.22222222222222157,0.13333333333333255,0.26666666666666605,0.06666666666666628,0.17777777777777706,0.26666666666666605,1.0,0
0.0,0.11111111111111079,0.1999999999999998,0.15555555555555528,0.24444444444444433,0.15555555555555528,0.08888888888888803,0.11111111111111079,0.13333333333333255,0.1999999999999998,0.26666666666666605,0.2888888888888888,0.24444444444444433,0.24444444444444433,0.17777777777777706,0.11111111111111079,0.17777777777777706,0.44444444444444414,0.44444444444444414,0.35555555555555507,0.3999999999999996,0.44444444444444414,0.22222222222222157,0.13333333333333255,0.26666666666666605,0.06666666666666628,0.17777777777777706,0.26666666666666605,1.0,0.7555555555555546,1
0.04761904761904767,0.14285714285714302,0.09523809523809534,0.1904761904761907,0.09523809523809534,0.023809523809523305,0.04761904761904767,0.07142857142857098,0.14285714285714302,0.214285714285714,0.23809523809523836,0.1904761904761907,0.1904761904761907,0.11904761904761864,0.04761904761904767,0.11904761904761864,0.40476190476190466,0.40476190476190466,0.3095238095238093,0.357142857142857,0.40476190476190466,0.16666666666666632,0.07142857142857098,0.214285714285714,0.0,0.11904761904761864,0.214285714285714,1.0,0.7380952380952372,0.9761904761904767,0
0.12244897959183679,0.08163265306122452,0.16326530612244905,0.08163265306122452,0.02040816326530568,0.04081632653061226,0.06122448979591794,0.12244897959183679,0.18367346938775472,0.2040816326530613,0.16326530612244905,0.16326530612244905,0.10204081632653021,0.04081632653061226,0.10204081632653021,0.3469387755102038,0.3469387755102038,0.2653061224489793,0.3061224489795915,0.3469387755102038,0.14285714285714246,0.06122448979591794,0.18367346938775472,0.0,0.10204081632653021,0.18367346938775472,0.8571428571428567,0.6326530612244887,0.836734693877551,1.0,0
0.08163265306122452,0.16326530612244905,0.08163265306122452,0.02040816326530568,0.04081632653061226,0.06122448979591794,0.12244897959183679,0.18367346938775472,0.2040816326530613,0.16326530612244905,0.16326530612244905,0.10204081632653021,0.04081632653061226,0.10204081632653021,0.3469387755102038,0.3469387755102038,0.2653061224489793,0.3061224489795915,0.3469387755102038,0.14285714285714246,0.06122448979591794,0.18367346938775472,0.0,0.10204081632653021,0.18367346938775472,0.8571428571428567,0.6326530612244887,0.836734693877551,1.0,0.6326530612244887,0
0.16326530612244905,0.08163265306122452,0.02040816326530568,0.04081632653061226,0.06122448979591794,0.12244897959183679,0.18367346938775472,0.2040816326530613,0.16326530612244905,0.16326530612244905,0.10204081632653021,0.04081632653061226,0.10204081632653021,0.3469387755102038,0.3469387755102038,0.2653061224489793,0.3061224489795915,0.3469387755102038,0.14285714285714246,0.06122448979591794,0.18367346938775472,0.0,0.10204081632653021,0.18367346938775472,0.8571428571428567,0.6326530612244887,0.836734693877551,1.0,0.6326530612244887,0.4489795918367349,1
0.08163265306122452,0.02040816326530568,0.04081632653061226,0.06122448979591794,0.12244897959183679,0.18367346938775472,0.2040816326530613,0.16326530612244905,0.16326530612244905,0.10204081632653021,0.04081632653061226,0.10204081632653021,0.3469387755102038,0.3469387755102038,0.2653061224489793,0.3061224489795915,0.3469387755102038,0.14285714285714246,0.06122448979591794,0.18367346938775472,0.0,0.10204081632653021,0.18367346938775472,0.8571428571428567,0.6326530612244887,0.836734693877551,1.0,0.6326530612244887,0.4489795918367349,0.4285714285714283,1
0.02040816326530568,0.04081632653061226,0.06122448979591794,0.12244897959183679,0.18367346938775472,0.2040816326530613,0.16326530612244905,0.16326530612244905,0.10204081632653021,0.04081632653061226,0.10204081632653021,0.3469387755102038,0.3469387755102038,0.2653061224489793,0.3061224489795915,0.3469387755102038,0.14285714285714246,0.06122448979591794,0.18367346938775472,0.0,0.10204081632653021,0.18367346938775472,0.8571428571428567,0.6326530612244887,0.836734693877551,1.0,0.6326530612244887,0.4489795918367349,0.4285714285714283,0.5714285714285717,0
0.04081632653061226,0.06122448979591794,0.12244897959183679,0.18367346938775472,0.2040816326530613,0.16326530612244905,0.16326530612244905,0.10204081632653021,0.04081632653061226,0.10204081632653021,0.3469387755102038,0.3469387755102038,0.2653061224489793,0.3061224489795915,0.3469387755102038,0.14285714285714246,0.06122448979591794,0.18367346938775472,0.0,0.10204081632653021,0.18367346938775472,0.8571428571428567,0.6326530612244887,0.836734693877551,1.0,0.6326530612244887,0.4489795918367349,0.4285714285714283,0.5714285714285717,0.5306122448979586,0
0.06122448979591794,0.12244897959183679,0.18367346938775472,0.2040816326530613,0.16326530612244905,0.16326530612244905,0.10204081632653021,0.04081632653061226,0.10204081632653021,0.3469387755102038,0.3469387755102038,0.2653061224489793,0.3061224489795915,0.3469387755102038,0.14285714285714246,0.06122448979591794,0.18367346938775472,0.0,0.10204081632653021,0.18367346938775472,0.8571428571428567,0.6326530612244887,0.836734693877551,1.0,0.6326530612244887,0.4489795918367349,0.4285714285714283,0.5714285714285717,0.5306122448979586,0.38775510204081604,1
0.12244897959183679,0.18367346938775472,0.2040816326530613,0.16326530612244905,0.16326530612244905,0.10204081632653021,0.04081632653061226,0.10204081632653021,0.3469387755102038,0.3469387755102038,0.2653061224489793,0.3061224489795915,0.3469387755102038,0.14285714285714246,0.06122448979591794,0.18367346938775472,0.0,0.10204081632653021,0.18367346938775472,0.8571428571428567,0.6326530612244887,0.836734693877551,1.0,0.6326530612244887,0.4489795918367349,0.4285714285714283,0.5714285714285717,0.5306122448979586,0.38775510204081604,0.46938775510204056,1
0.18367346938775472,0.2040816326530613,0.16326530612244905,0.16326530612244905,0.10204081632653021,0.04081632653061226,0.10204081632653021,0.3469387755102038,0.3469387755102038,0.2653061224489793,0.3061224489795915,0.3469387755102038,0.14285714285714246,0.06122448979591794,0.18367346938775472,0.0,0.10204081632653021,0.18367346938775472,0.8571428571428567,0.6326530612244887,0.836734693877551,1.0,0.6326530612244887,0.4489795918367349,0.4285714285714283,0.5714285714285717,0.5306122448979586,0.38775510204081604,0.46938775510204056,0.6734693877551019,0
0.2040816326530613,0.16326530612244905,0.16326530612244905,0.10204081632653021,0.04081632653061226,0.10204081632653021,0.3469387755102038,0.3469387755102038,0.2653061224489793,0.3061224489795915,0.3469387755102038,0.14285714285714246,0.06122448979591794,0.18367346938775472,0.0,0.10204081632653021,0.18367346938775472,0.8571428571428567,0.6326530612244887,0.836734693877551,1.0,0.6326530612244887,0.4489795918367349,0.4285714285714283,0.5714285714285717,0.5306122448979586,0.38775510204081604,0.46938775510204056,0.6734693877551019,0.6530612244897962,1
0.16326530612244905,0.16326530612244905,0.10204081632653021,0.04081632653061226,0.10204081632653021,0.3469387755102038,0.3469387755102038,0.2653061224489793,0.3061224489795915,0.3469387755102038,0.14285714285714246,0.06122448979591794,0.18367346938775472,0.0,0.10204081632653021,0.18367346938775472,0.8571428571428567,0.6326530612244887,0.836734693877551,1.0,0.6326530612244887,0.4489795918367349,0.4285714285714283,0.5714285714285717,0.5306122448979586,0.38775510204081604,0.46938775510204056,0.6734693877551019,0.6530612244897962,0.6326530612244887,1
0.16326530612244905,0.10204081632653021,0.04081632653061226,0.10204081632653021,0.3469387755102038,0.3469387755102038,0.2653061224489793,0.3061224489795915,0.3469387755102038,0.14285714285714246,0.06122448979591794,0.18367346938775472,0.0,0.10204081632653021,0.18367346938775472,0.8571428571428567,0.6326530612244887,0.836734693877551,1.0,0.6326530612244887,0.4489795918367349,0.4285714285714283,0.5714285714285717,0.5306122448979586,0.38775510204081604,0.46938775510204056,0.6734693877551019,0.6530612244897962,0.6326530612244887,0.6734693877551019,1
0.10204081632653021,0.04081632653061226,0.10204081632653021,0.3469387755102038,0.3469387755102038,0.2653061224489793,0.3061224489795915,0.3469387755102038,0.14285714285714246,0.06122448979591794,0.18367346938775472,0.0,0.10204081632653021,0.18367346938775472,0.8571428571428567,0.6326530612244887,0.836734693877551,1.0,0.6326530612244887,0.4489795918367349,0.4285714285714283,0.5714285714285717,0.5306122448979586,0.38775510204081604,0.46938775510204056,0.6734693877551019,0.6530612244897962,0.6326530612244887,0.6734693877551019,0.836734693877551,1
0.04081632653061226,0.10204081632653021,0.3469387755102038,0.3469387755102038,0.2653061224489793,0.3061224489795915,0.3469387755102038,0.14285714285714246,0.06122448979591794,0.18367346938775472,0.0,0.10204081632653021,0.18367346938775472,0.8571428571428567,0.6326530612244887,0.836734693877551,1.0,0.6326530612244887,0.4489795918367349,0.4285714285714283,0.5714285714285717,0.5306122448979586,0.38775510204081604,0.46938775510204056,0.6734693877551019,0.6530612244897962,0.6326530612244887,0.6734693877551019,0.836734693877551,0.8979591836734698,1
0.015479876160990655,0.05263157894736839,0.05263157894736839,0.040247678018575817,0.0464396284829721,0.05263157894736839,0.021671826625386945,0.009287925696594366,0.027863777089783236,0.0,0.015479876160990655,0.027863777089783236,0.13003095975232193,0.09597523219814229,0.12693498452012386,0.15170278637770904,0.09597523219814229,0.06811145510835918,0.06501547987616096,0.08668730650154806,0.08049535603715163,0.058823529411764684,0.07120743034055727,0.10216718266253871,0.09907120743034063,0.09597523219814229,0.10216718266253871,0.12693498452012386,0.13622291021671837,1.0,0
0.05263157894736839,0.05263157894736839,0.040247678018575817,0.0464396284829721,0.05263157894736839,0.021671826625386945,0.009287925696594366,0.027863777089783236,0.0,0.015479876160990655,0.027863777089783236,0.13003095975232193,0.09597523219814229,0.12693498452012386,0.15170278637770904,0.09597523219814229,0.06811145510835918,0.06501547987616096,0.08668730650154806,0.08049535603715163,0.058823529411764684,0.07120743034055727,0.10216718266253871,0.09907120743034063,0.09597523219814229,0.10216718266253871,0.12693498452012386,0.13622291021671837,1.0,0.9040247678018575,1
0.05263157894736839,0.040247678018575817,0.0464396284829721,0.05263157894736839,0.021671826625386945,0.009287925696594366,0.027863777089783236,0.0,0.015479876160990655,0.027863777089783236,0.13003095975232193,0.09597523219814229,0.12693498452012386,0.15170278637770904,0.09597523219814229,0.06811145510835918,0.06501547987616096,0.08668730650154806,0.08049535603715163,0.058823529411764684,0.07120743034055727,0.10216718266253871,0.09907120743034063,0.09597523219814229,0.10216718266253871,0.12693498452012386,0.13622291021671837,1.0,0.9040247678018575,0.9690402476780184,1
0.03258145363408518,0.03759398496240599,0.042606516290726794,0.017543859649122764,0.007518796992481154,0.022556390977443573,0.0,0.01253132832080196,0.022556390977443573,0.10526315789473682,0.07769423558897233,0.10275689223057648,0.1228070175438597,0.07769423558897233,0.05513784461152887,0.05263157894736841,0.0701754385964913,0.06516290726817037,0.0476190476190476,0.05764411027568921,0.08270676691729324,0.0802005012531329,0.07769423558897233,0.08270676691729324,0.10275689223057648,0.11027568922305774,0.8095238095238095,0.731829573934837,0.7844611528822054,1.0,1
0.034722222222222196,0.03935185185185183,0.016203703703703665,0.006944444444444399,0.020833333333333297,0.0,0.011574074074074032,0.020833333333333297,0.0972222222222222,0.07175925925925916,0.09490740740740744,0.11342592592592597,0.07175925925925916,0.050925925925925965,0.0486111111111111,0.06481481481481487,0.06018518518518513,0.04398148148148147,0.053240740740740734,0.0763888888888889,0.07407407407407414,0.07175925925925916,0.0763888888888889,0.09490740740740744,0.10185185185185193,0.7476851851851852,0.6759259259259258,0.724537037037037,0.923611111111111,1.0,1
0.03744493392070484,0.015418502202643139,0.006607929515418461,0.01982378854625548,0.0,0.0110132158590308,0.01982378854625548,0.09251101321585903,0.06828193832599111,0.09030837004405291,0.10792951541850226,0.06828193832599111,0.04845814977973573,0.046255506607929514,0.06167400881057275,0.05726872246696032,0.04185022026431718,0.050660792951541855,0.07268722466960355,0.07048458149779743,0.06828193832599111,0.07268722466960355,0.09030837004405291,0.09691629955947147,0.7114537444933923,0.643171806167401,0.6894273127753305,0.878854625550661,0.9515418502202646,1.0,1
0.009536784741144392,0.004087193460490437,0.012261580381471371,0.0,0.006811989100817414,0.012261580381471371,0.057220708446866476,0.04223433242506807,0.05585831062670302,0.06675749318801093,0.04223433242506807,0.029972752043596756,0.028610354223433238,0.03814713896457769,0.035422343324250656,0.02588555858310626,0.031335149863760216,0.04495912806539511,0.04359673024523165,0.04223433242506807,0.04495912806539511,0.05585831062670302,0.05994550408719351,0.4400544959128066,0.3978201634877384,0.42643051771117163,0.5435967302452317,0.5885558583106267,0.6185286103542234,1.0,0
0.004087193460490437,0.012261580381471371,0.0,0.006811989100817414,0.012261580381471371,0.057220708446866476,0.04223433242506807,0.05585831062670302,0.06675749318801093,0.04223433242506807,0.029972752043596756,0.028610354223433238,0.03814713896457769,0.035422343324250656,0.02588555858310626,0.031335149863760216,0.04495912806539511,0.04359673024523165,0.04223433242506807,0.04495912806539511,0.05585831062670302,0.05994550408719351,0.4400544959128066,0.3978201634877384,0.42643051771117163,0.5435967302452317,0.5885558583106267,0.6185286103542234,1.0,0.885558583106267,0
0.012261580381471371,0.0,0.006811989100817414,0.012261580381471371,0.057220708446866476,0.04223433242506807,0.05585831062670302,0.06675749318801093,0.04223433242506807,0.029972752043596756,0.028610354223433238,0.03814713896457769,0.035422343324250656,0.02588555858310626,0.031335149863760216,0.04495912806539511,0.04359673024523165,0.04223433242506807,0.04495912806539511,0.05585831062670302,0.05994550408719351,0.4400544959128066,0.3978201634877384,0.42643051771117163,0.5435967302452317,0.5885558583106267,0.6185286103542234,1.0,0.885558583106267,0.76566757493188,0
0.0,0.006811989100817414,0.012261580381471371,0.057220708446866476,0.04223433242506807,0.05585831062670302,0.06675749318801093,0.04223433242506807,0.029972752043596756,0.028610354223433238,0.03814713896457769,0.035422343324250656,0.02588555858310626,0.031335149863760216,0.04495912806539511,0.04359673024523165,0.04223433242506807,0.04495912806539511,0.05585831062670302,0.05994550408719351,0.4400544959128066,0.3978201634877384,0.42643051771117163,0.5435967302452317,0.5885558583106267,0.6185286103542234,1.0,0.885558583106267,0.76566757493188,0.840599455040872,0
0.0,0.005486968449931418,0.050754458161865586,0.035665294924554156,0.04938271604938276,0.060356652949245596,0.035665294924554156,0.023319615912208557,0.02194787379972567,0.031550068587105684,0.02880658436213991,0.01920438957475996,0.02469135802469138,0.03840877914951992,0.0370370370370371,0.035665294924554156,0.03840877914951992,0.04938271604938276,0.05349794238683135,0.4362139917695474,0.3936899862825789,0.4224965706447188,0.5404663923182442,0.5857338820301784,0.615912208504801,1.0,0.8847736625514403,0.7640603566529491,0.8395061728395062,0.6735253772290811,1
0.0,0.045517241379310354,0.030344827586206862,0.0441379310344828,0.055172413793103496,0.030344827586206862,0.01793103448275867,0.01655172413793105,0.02620689655172419,0.023448275862068955,0.013793103448275874,0.019310344827586225,0.0331034482758621,0.03172413793103454,0.030344827586206862,0.0331034482758621,0.0441379310344828,0.04827586206896559,0.43310344827586217,0.3903448275862069,0.4193103448275862,0.5379310344827587,0.583448275862069,0.6137931034482758,1.0,0.8841379310344828,0.762758620689655,0.8386206896551724,0.6717241379310346,0.7006896551724138,1
0.032167832167832165,0.016783216783216735,0.030769230769230795,0.041958041958041994,0.016783216783216735,0.0041958041958042305,0.0027972027972027994,0.012587412587412628,0.009790209790209767,0.0,0.005594405594405599,0.019580419580419596,0.01818181818181823,0.016783216783216735,0.019580419580419596,0.030769230769230795,0.03496503496503502,0.42517482517482524,0.3818181818181818,0.4111888111888112,0.5314685314685315,0.5776223776223777,0.6083916083916083,1.0,0.8825174825174825,0.7594405594405593,0.8363636363636364,0.6671328671328672,0.6965034965034965,0.6867132867132867,1
0.016783216783216735,0.030769230769230795,0.041958041958041994,0.016783216783216735,0.0041958041958042305,0.0027972027972027994,0.012587412587412628,0.009790209790209767,0.0,0.005594405594405599,0.019580419580419596,0.01818181818181823,0.016783216783216735,0.019580419580419596,0.030769230769230795,0.03496503496503502,0.42517482517482524,0.3818181818181818,0.4111888111888112,0.5314685314685315,0.5776223776223777,0.6083916083916083,1.0,0.8825174825174825,0.7594405594405593,0.8363636363636364,0.6671328671328672,0.6965034965034965,0.6867132867132867,0.9580419580419579,0
0.030769230769230795,0.041958041958041994,0.016783216783216735,0.0041958041958042305,0.0027972027972027994,0.012587412587412628,0.009790209790209767,0.0,0.005594405594405599,0.019580419580419596,0.01818181818181823,0.016783216783216735,0.019580419580419596,0.030769230769230795,0.03496503496503502,0.42517482517482524,0.3818181818181818,0.4111888111888112,0.5314685314685315,0.5776223776223777,0.6083916083916083,1.0,0.8825174825174825,0.7594405594405593,0.8363636363636364,0.6671328671328672,0.6965034965034965,0.6867132867132867,0.9580419580419579,0.8685314685314686,1
0.041958041958041994,0.016783216783216735,0.0041958041958042305,0.0027972027972027994,0.012587412587412628,0.009790209790209767,0.0,0.005594405594405599,0.019580419580419596,0.01818181818181823,0.016783216783216735,0.019580419580419596,0.030769230769230795,0.03496503496503502,0.42517482517482524,0.3818181818181818,0.4111888111888112,0.5314685314685315,0.5776223776223777,0.6083916083916083,1.0,0.8825174825174825,0.7594405594405593,0.8363636363636364,0.6671328671328672,0.6965034965034965,0.6867132867132867,0.9580419580419579,0.8685314685314686,0.9020979020979022,1
0.016783216783216735,0.0041958041958042305,0.0027972027972027994,0.012587412587412628,0.009790209790209767,0.0,0.005594405594405599,0.019580419580419596,0.01818181818181823,0.016783216783216735,0.019580419580419596,0.030769230769230795,0.03496503496503502,0.42517482517482524,0.3818181818181818,0.4111888111888112,0.5314685314685315,0.5776223776223777,0.6083916083916083,1.0,0.8825174825174825,0.7594405594405593,0.8363636363636364,0.6671328671328672,0.6965034965034965,0.6867132867132867,0.9580419580419579,0.8685314685314686,0.9020979020979022,0.9580419580419579,0
0.0041958041958042305,0.0027972027972027994,0.012587412587412628,0.009790209790209767,0.0,0.005594405594405599,0.019580419580419596,0.01818181818181823,0.016783216783216735,0.019580419580419596,0.030769230769230795,0.03496503496503502,0.42517482517482524,0.3818181818181818,0.4111888111888112,0.5314685314685315,0.5776223776223777,0.6083916083916083,1.0,0.8825174825174825,0.7594405594405593,0.8363636363636364,0.6671328671328672,0.6965034965034965,0.6867132867132867,0.9580419580419579,0.8685314685314686,0.9020979020979022,0.9580419580419579,0.946853146853147,0
0.0027972027972027994,0.012587412587412628,0.009790209790209767,0.0,0.005594405594405599,0.019580419580419596,0.01818181818181823,0.016783216783216735,0.019580419580419596,0.030769230769230795,0.03496503496503502,0.42517482517482524,0.3818181818181818,0.4111888111888112,0.5314685314685315,0.5776223776223777,0.6083916083916083,1.0,0.8825174825174825,0.7594405594405593,0.8363636363636364,0.6671328671328672,0.6965034965034965,0.6867132867132867,0.9580419580419579,0.8685314685314686,0.9020979020979022,0.9580419580419579,0.946853146853147,0.9062937062937063,0
0.012587412587412628,0.009790209790209767,0.0,0.005594405594405599,0.019580419580419596,0.01818181818181823,0.016783216783216735,0.019580419580419596,0.030769230769230795,0.03496503496503502,0.42517482517482524,0.3818181818181818,0.4111888111888112,0.5314685314685315,0.5776223776223777,0.6083916083916083,1.0,0.8825174825174825,0.7594405594405593,0.8363636363636364,0.6671328671328672,0.6965034965034965,0.6867132867132867,0.9580419580419579,0.8685314685314686,0.9020979020979022,0.9580419580419579,0.946853146853147,0.9062937062937063,0.8923076923076924,0
0.009790209790209767,0.0,0.005594405594405599,0.019580419580419596,0.01818181818181823,0.016783216783216735,0.019580419580419596,0.030769230769230795,0.03496503496503502,0.42517482517482524,0.3818181818181818,0.4111888111888112,0.5314685314685315,0.5776223776223777,0.6083916083916083,1.0,0.8825174825174825,0.7594405594405593,0.8363636363636364,0.6671328671328672,0.6965034965034965,0.6867132867132867,0.9580419580419579,0.8685314685314686,0.9020979020979022,0.9580419580419579,0.946853146853147,0.9062937062937063,0.8923076923076924,0.8,1
0.0,0.005594405594405599,0.019580419580419596,0.01818181818181823,0.016783216783216735,0.019580419580419596,0.030769230769230795,0.03496503496503502,0.42517482517482524,0.3818181818181818,0.4111888111888112,0.5314685314685315,0.5776223776223777,0.6083916083916083,1.0,0.8825174825174825,0.7594405594405593,0.8363636363636364,0.6671328671328672,0.6965034965034965,0.6867132867132867,0.9580419580419579,0.8685314685314686,0.9020979020979022,0.9580419580419579,0.946853146853147,0.9062937062937063,0.8923076923076924,0.8,0.8937062937062937,1
0.0,0.013793103448275874,0.012413793103448317,0.011034482758620639,0.013793103448275874,0.024827586206896575,0.028965517241379368,0.4137931034482759,0.37103448275862067,0.39999999999999997,0.5186206896551725,0.5641379310344827,0.5944827586206894,0.9806896551724137,0.8648275862068965,0.7434482758620689,0.8193103448275861,0.6524137931034484,0.6813793103448276,0.6717241379310344,0.939310344827586,0.8510344827586207,0.8841379310344828,0.939310344827586,0.9282758620689656,0.8882758620689655,0.8744827586206896,0.7834482758620689,0.8758620689655172,1.0,1
0.0022222222222222734,0.0011111111111111861,0.0,0.0022222222222222734,0.01111111111111117,0.01444444444444453,0.32444444444444454,0.29000000000000004,0.31333333333333335,0.40888888888888897,0.44555555555555565,0.47,0.7811111111111111,0.6877777777777778,0.59,0.6511111111111112,0.5166666666666668,0.54,0.5322222222222223,0.7477777777777778,0.6766666666666667,0.7033333333333335,0.7477777777777778,0.738888888888889,0.7066666666666667,0.6955555555555556,0.6222222222222222,0.6966666666666668,0.7966666666666667,1.0,1
0.0010121457489879226,0.0,0.0020242914979757554,0.010121457489878598,0.013157894736842186,0.29554655870445357,0.26417004048583004,0.285425101214575,0.37246963562753044,0.40587044534412964,0.42813765182186236,0.7115384615384617,0.6265182186234819,0.5374493927125507,0.5931174089068827,0.4706477732793524,0.49190283400809726,0.48481781376518224,0.6811740890688259,0.6163967611336034,0.6406882591093119,0.6811740890688259,0.6730769230769232,0.6437246963562754,0.6336032388663969,0.5668016194331985,0.6346153846153847,0.7257085020242916,0.9109311740890689,1.0,1
0.0,0.0018331805682860185,0.00916590284142993,0.011915673693858916,0.2676443629697526,0.23923006416131992,0.25847846012832265,0.33730522456461964,0.36755270394133827,0.3877176901924839,0.6443629697525206,0.5673693858845097,0.4867094408799266,0.537121906507791,0.42621448212648955,0.4454628780934922,0.4390467461044913,0.6168652612282309,0.5582034830430798,0.5802016498625115,0.6168652612282309,0.6095325389550872,0.5829514207149404,0.5737855178735106,0.5132905591200734,0.5747021081576535,0.6571952337305226,0.8249312557286893,0.9055912007332722,1.0,1
0.0,0.007187780772686439,0.009883198562443874,0.2605570530098832,0.23270440251572325,0.2515723270440251,0.3288409703504043,0.3584905660377358,0.3782569631626234,0.6298292902066487,0.5543575920934412,0.4752920035938903,0.5247079964061095,0.41599281221922735,0.4348607367475292,0.4285714285714285,0.6028751123090744,0.5453728661275831,0.5669362084456424,0.6028751123090744,0.5956873315363882,0.5696316262353998,0.5606469002695418,0.5013477088948787,0.5615453728661275,0.6424079065588499,0.8068283917340521,0.8858939802336028,0.9784366576819407,1.0,0
0.0,0.002714932126696855,0.2552036199095023,0.2271493212669683,0.2461538461538461,0.32398190045248865,0.3538461538461538,0.3737556561085972,0.6271493212669682,0.5511312217194569,0.47149321266968314,0.5212669683257918,0.411764705882353,0.43076923076923074,0.42443438914027143,0.5999999999999999,0.5420814479638009,0.5638009049773756,0.5999999999999999,0.5927601809954751,0.5665158371040724,0.5574660633484163,0.4977375565610859,0.5583710407239818,0.6398190045248868,0.8054298642533937,0.8850678733031673,0.9782805429864253,1.0,0.9674208144796379,0
0.0,0.2531760435571688,0.22504537205081665,0.24410163339382937,0.3221415607985481,0.35208711433756806,0.3720508166969146,0.6261343012704174,0.5499092558983666,0.47005444646097994,0.5199637023593466,0.41016333938294014,0.4292196007259528,0.4228675136116152,0.5989110707803992,0.5408348457350273,0.5626134301270418,0.5989110707803992,0.5916515426497279,0.5653357531760436,0.5562613430127041,0.49637023593466423,0.5571687840290381,0.6388384754990926,0.8049001814882034,0.8847549909255898,0.9782214156079856,1.0,0.9673321234119783,0.9464609800362976,1
0.03629976580796258,0.0,0.024590163934426222,0.12529274004683844,0.1639344262295082,0.18969555035128793,0.5175644028103044,0.4192037470725995,0.31615925058548,0.3805620608899297,0.2388758782201406,0.2634660421545667,0.2552693208430913,0.4824355971896954,0.40749414519906324,0.4355971896955504,0.4824355971896954,0.4730679156908666,0.4391100702576112,0.4274004683840749,0.35011709601873536,0.42857142857142855,0.5339578454332553,0.7482435597189695,0.8512880562060888,0.9718969555035128,1.0,0.9578454332552692,0.9309133489461356,0.8981264637002341,1
0.0,0.023153252480705617,0.11797133406835725,0.15435501653803751,0.17861080485115757,0.48732083792723263,0.3947078280044101,0.29768467475192933,0.35832414553472985,0.224917309812569,0.2480705622932745,0.2403528114663726,0.45424476295479593,0.38368246968026465,0.41014332965821393,0.45424476295479593,0.4454244762954797,0.41345093715545755,0.402425578831312,0.3296582138919515,0.40352811466372657,0.5027563395810364,0.7045203969128997,0.8015435501653803,0.9151047409040795,0.9415656008820288,0.9018743109151047,0.8765159867695699,0.8456449834619625,1.0,1
0.0,0.09706546275395038,0.13431151241534994,0.1591422121896162,0.47516930022573367,0.3803611738148985,0.2810383747178329,0.3431151241534989,0.20654627539503398,0.23024830699774268,0.22234762979683972,0.4413092550790067,0.36907449209932286,0.3961625282167044,0.4413092550790067,0.4322799097065464,0.399548532731377,0.3882618510158014,0.3137697516930023,0.38939051918735895,0.4909706546275396,0.6975169300225734,0.7968397291196389,0.9130925507900678,0.9401805869074494,0.899548532731377,0.873589164785553,0.8419864559819413,1.0,0.9966139954853276,1
0.0,0.04034229828850857,0.0672371638141808,0.40953545232273836,0.30684596577017115,0.19926650366748155,0.26650366748166254,0.11858190709046464,0.14425427872860633,0.13569682151589235,0.3728606356968214,0.2946210268948656,0.3239608801955991,0.3728606356968214,0.3630806845965771,0.32762836185819066,0.3154034229828851,0.23471882640586797,0.31662591687041564,0.4266503667481663,0.6503667481662593,0.7579462102689486,0.8838630806845966,0.9132029339853301,0.8691931540342298,0.8410757946210268,0.8068459657701711,0.9779951100244499,0.9743276283618583,1.0,1
0.0,0.028025477707006224,0.3847133757961783,0.27770700636942675,0.16560509554140115,0.23566878980891717,0.08152866242038224,0.10828025477707003,0.09936305732484069,0.34649681528662407,0.26496815286624203,0.2955414012738854,0.34649681528662407,0.3363057324840765,0.29936305732484075,0.28662420382165604,0.20254777070063693,0.2878980891719745,0.40254777070063696,0.6356687898089173,0.7477707006369426,0.8789808917197454,0.9095541401273887,0.8636942675159235,0.8343949044585987,0.7987261146496815,0.9770700636942675,0.9732484076433122,1.0,0.9974522292993631,1
0.0,0.21960784313725495,0.1537254901960785,0.08470588235294119,0.127843137254902,0.03294117647058837,0.04941176470588241,0.04392156862745102,0.19607843137254902,0.14588235294117657,0.16470588235294129,0.19607843137254902,0.18980392156862758,0.16705882352941182,0.15921568627450988,0.10745098039215695,0.16000000000000006,0.23058823529411776,0.3741176470588236,0.4431372549019608,0.5239215686274511,0.5427450980392158,0.5145098039215686,0.4964705882352941,0.47450980392156866,0.5843137254901961,0.5819607843137257,0.5984313725490197,0.5968627450980393,1.0,1
0.16212534059945496,0.1049046321525885,0.04495912806539498,0.08242506811989095,0.0,0.014305177111716558,0.009536784741144331,0.14168937329700262,0.09809264305177108,0.11444141689373295,0.14168937329700262,0.1362397820163488,0.11648501362397815,0.10967302452316073,0.06471389645776562,0.11035422343324246,0.17166212534059944,0.29632152588555855,0.35626702997275195,0.42643051771117163,0.4427792915531335,0.41825613079019064,0.40258855585831055,0.3835149863760217,0.4788828337874659,0.4768392370572207,0.4911444141689373,0.48978201634877383,0.8399182561307901,1.0,1
0.08769931662870155,0.03758542141230059,0.06890660592255121,0.0,0.01195899772209562,0.007972665148063713,0.11845102505694752,0.08200455580865601,0.09567198177676536,0.11845102505694752,0.11389521640091117,0.097380410022779,0.09168564920273346,0.05410022779043277,0.092255125284738,0.14350797266514806,0.24772209567198178,0.29783599088838264,0.35649202733485197,0.3701594533029613,0.34965831435079725,0.3365603644646924,0.3206150341685649,0.40034168564920275,0.3986332574031891,0.4105922551252847,0.40945330296127563,0.7021640091116172,0.835990888382688,1.0,1
0.03393316195372743,0.06221079691516705,0.0,0.01079691516709507,0.007197943444730015,0.10694087403598963,0.07403598971722362,0.08637532133676092,0.10694087403598963,0.10282776349614396,0.08791773778920305,0.08277634961439587,0.04884318766066834,0.08329048843187657,0.12956298200514138,0.2236503856041131,0.2688946015424164,0.3218508997429306,0.3341902313624679,0.3156812339331619,0.3038560411311053,0.28946015424164523,0.361439588688946,0.35989717223650386,0.37069408740359894,0.3696658097686375,0.6339331619537274,0.7547557840616966,0.9028277634961439,1.0,1
0.05607043558850784,0.0,0.009731232622798847,0.006487488415199203,0.09638554216867462,0.06672845227062092,0.07784986098239109,0.09638554216867462,0.09267840593141799,0.07924003707136233,0.07460611677479145,0.044022242817423514,0.07506950880444853,0.11677479147358664,0.2015755329008341,0.24235403151065799,0.29008341056533826,0.30120481927710846,0.2845227062094532,0.27386468952734005,0.2608897126969416,0.3257645968489342,0.324374420759963,0.3341056533827618,0.33317886932344765,0.5713623725671918,0.680259499536608,0.8137164040778498,0.9012974976830399,1.0,1
0.0,0.009731232622798847,0.006487488415199203,0.09638554216867462,0.06672845227062092,0.07784986098239109,0.09638554216867462,0.09267840593141799,0.07924003707136233,0.07460611677479145,0.044022242817423514,0.07506950880444853,0.11677479147358664,0.2015755329008341,0.24235403151065799,0.29008341056533826,0.30120481927710846,0.2845227062094532,0.27386468952734005,0.2608897126969416,0.3257645968489342,0.324374420759963,0.3341056533827618,0.33317886932344765,0.5713623725671918,0.680259499536608,0.8137164040778498,0.9012974976830399,1.0,0.9383688600556072,1
0.0028305701577032065,0.0,0.0784472300849171,0.05256773150020222,0.06227254346947032,0.0784472300849171,0.0752122927618278,0.0634856449656288,0.05944197331176712,0.032753740396279846,0.05984634047715328,0.09623938536190865,0.1702385766275779,0.2058228871815609,0.2474727052163365,0.2571775171856046,0.24262029923170242,0.23331985442782047,0.2219975737970077,0.2786089769510716,0.2773958754549131,0.2858875859280227,0.2850788515972504,0.49292357460574204,0.5879498584714923,0.7044076021027094,0.7808329963606957,0.8669632025879499,0.8131823695915893,1.0,0
0.0,0.0784472300849171,0.05256773150020222,0.06227254346947032,0.0784472300849171,0.0752122927618278,0.0634856449656288,0.05944197331176712,0.032753740396279846,0.05984634047715328,0.09623938536190865,0.1702385766275779,0.2058228871815609,0.2474727052163365,0.2571775171856046,0.24262029923170242,0.23331985442782047,0.2219975737970077,0.2786089769510716,0.2773958754549131,0.2858875859280227,0.2850788515972504,0.49292357460574204,0.5879498584714923,0.7044076021027094,0.7808329963606957,0.8669632025879499,0.8131823695915893,1.0,0.9344925192074405,0
0.047240802675585246,0.02048494983277593,0.030518394648829453,0.047240802675585246,0.04389632107023415,0.03177257525083611,0.027591973244147167,0.0,0.028010033444816052,0.06563545150501673,0.14214046822742477,0.17892976588628762,0.221989966555184,0.2320234113712375,0.21697324414715718,0.20735785953177255,0.1956521739130435,0.25418060200668896,0.2529264214046823,0.2617056856187291,0.26086956521739135,0.47575250836120403,0.5739966555183947,0.6943979933110368,0.7734113712374583,0.8624581939799332,0.80685618729097,1.0,0.9322742474916389,0.8804347826086957,0
0.02048494983277593,0.030518394648829453,0.047240802675585246,0.04389632107023415,0.03177257525083611,0.027591973244147167,0.0,0.028010033444816052,0.06563545150501673,0.14214046822742477,0.17892976588628762,0.221989966555184,0.2320234113712375,0.21697324414715718,0.20735785953177255,0.1956521739130435,0.25418060200668896,0.2529264214046823,0.2617056856187291,0.26086956521739135,0.47575250836120403,0.5739966555183947,0.6943979933110368,0.7734113712374583,0.8624581939799332,0.80685618729097,1.0,0.9322742474916389,0.8804347826086957,0.7437290969899666,1
0.030518394648829453,0.047240802675585246,0.04389632107023415,0.03177257525083611,0.027591973244147167,0.0,0.028010033444816052,0.06563545150501673,0.14214046822742477,0.17892976588628762,0.221989966555184,0.2320234113712375,0.21697324414715718,0.20735785953177255,0.1956521739130435,0.25418060200668896,0.2529264214046823,0.2617056856187291,0.26086956521739135,0.47575250836120403,0.5739966555183947,0.6943979933110368,0.7734113712374583,0.8624581939799332,0.80685618729097,1.0,0.9322742474916389,0.8804347826086957,0.7437290969899666,0.8047658862876255,0
0.047240802675585246,0.04389632107023415,0.03177257525083611,0.027591973244147167,0.0,0.028010033444816052,0.06563545150501673,0.14214046822742477,0.17892976588628762,0.221989966555184,0.2320234113712375,0.21697324414715718,0.20735785953177255,0.1956521739130435,0.25418060200668896,0.2529264214046823,0.2617056856187291,0.26086956521739135,0.47575250836120403,0.5739966555183947,0.6943979933110368,0.7734113712374583,0.8624581939799332,0.80685618729097,1.0,0.9322742474916389,0.8804347826086957,0.7437290969899666,0.8047658862876255,0.8039297658862877,0
0.04389632107023415,0.03177257525083611,0.027591973244147167,0.0,0.028010033444816052,0.06563545150501673,0.14214046822742477,0.17892976588628762,0.221989966555184,0.2320234113712375,0.21697324414715718,0.20735785953177255,0.1956521739130435,0.25418060200668896,0.2529264214046823,0.2617056856187291,0.26086956521739135,0.47575250836120403,0.5739966555183947,0.6943979933110368,0.7734113712374583,0.8624581939799332,0.80685618729097,1.0,0.9322742474916389,0.8804347826086957,0.7437290969899666,0.8047658862876255,0.8039297658862877,0.6567725752508362,0
0.03177257525083611,0.027591973244147167,0.0,0.028010033444816052,0.06563545150501673,0.14214046822742477,0.17892976588628762,0.221989966555184,0.2320234113712375,0.21697324414715718,0.20735785953177255,0.1956521739130435,0.25418060200668896,0.2529264214046823,0.2617056856187291,0.26086956521739135,0.47575250836120403,0.5739966555183947,0.6943979933110368,0.7734113712374583,0.8624581939799332,0.80685618729097,1.0,0.9322742474916389,0.8804347826086957,0.7437290969899666,0.8047658862876255,0.8039297658862877,0.6567725752508362,0.5714882943143812,1
0.027591973244147167,0.0,0.028010033444816052,0.06563545150501673,0.14214046822742477,0.17892976588628762,0.221989966555184,0.2320234113712375,0.21697324414715718,0.20735785953177255,0.1956521739130435,0.25418060200668896,0.2529264214046823,0.2617056856187291,0.26086956521739135,0.47575250836120403,0.5739966555183947,0.6943979933110368,0.7734113712374583,0.8624581939799332,0.80685618729097,1.0,0.9322742474916389,0.8804347826086957,0.7437290969899666,0.8047658862876255,0.8039297658862877,0.6567725752508362,0.5714882943143812,0.6580267558528428,1
0.0,0.028010033444816052,0.06563545150501673,0.14214046822742477,0.17892976588628762,0.221989966555184,0.2320234113712375,0.21697324414715718,0.20735785953177255,0.1956521739130435,0.25418060200668896,0.2529264214046823,0.2617056856187291,0.26086956521739135,0.47575250836120403,0.5739966555183947,0.6943979933110368,0.7734113712374583,0.8624581939799332,0.80685618729097,1.0,0.9322742474916389,0.8804347826086957,0.7437290969899666,0.8047658862876255,0.8039297658862877,0.6567725752508362,0.5714882943143812,0.6580267558528428,0.7817725752508361,0
0.0,0.038709677419354854,0.1174193548387097,0.15526881720430105,0.1995698924731183,0.2098924731182796,0.19440860215053762,0.18451612903225803,0.17247311827956988,0.23268817204301076,0.23139784946236563,0.2404301075268817,0.2395698924731183,0.4606451612903225,0.5617204301075269,0.6855913978494623,0.7668817204301075,0.858494623655914,0.8012903225806453,1.0,0.9303225806451614,0.876989247311828,0.7363440860215053,0.7991397849462365,0.7982795698924732,0.6468817204301076,0.5591397849462365,0.6481720430107526,0.775483870967742,0.7470967741935483,0
0.0,0.0818791946308725,0.12125279642058162,0.16733780760626402,0.17807606263982106,0.16196868008948545,0.15167785234899325,0.13914988814317672,0.20178970917225952,0.20044742729306492,0.2098434004474273,0.20894854586129755,0.4389261744966443,0.5440715883668904,0.672930648769575,0.7574944071588368,0.8527964205816555,0.7932885906040269,1.0,0.92751677852349,0.8720357941834452,0.7257270693512304,0.7910514541387025,0.7901565995525728,0.6326621923937361,0.5413870246085011,0.6340044742729306,0.7664429530201342,0.7369127516778524,0.7284116331096198,0
0.0,0.04288499025341127,0.09307992202729047,0.10477582846003902,0.08723196881091616,0.07602339181286545,0.06237816764132552,0.13060428849902536,0.1291423001949318,0.13937621832358674,0.13840155945419105,0.3888888888888889,0.5034113060428851,0.6437621832358675,0.7358674463937623,0.8396686159844055,0.7748538011695908,1.0,0.9210526315789475,0.8606237816764133,0.7012670565302145,0.7724171539961014,0.7714424951267058,0.5999025341130606,0.5004873294346979,0.601364522417154,0.7456140350877194,0.7134502923976609,0.7041910331384017,0.6452241715399611,1
0.0,0.052443991853360544,0.064663951120163,0.046334012219959274,0.03462321792260691,0.02036659877800409,0.09164969450101837,0.0901221995926681,0.10081466395112018,0.09979633401222,0.36150712830957227,0.4811608961303463,0.6278004073319755,0.7240325865580448,0.8324847250509165,0.764765784114053,1.0,0.9175152749490836,0.854378818737271,0.6878818737270875,0.7622199592668024,0.7612016293279023,0.5819755600814664,0.4781059063136455,0.5835030549898166,0.7342158859470468,0.7006109979633401,0.6909368635437882,0.6293279022403259,0.5824847250509164,1
0.03274428274428279,0.045218295218295276,0.0265072765072765,0.01455301455301452,0.0,0.07276507276507278,0.07120582120582127,0.08212058212058213,0.08108108108108111,0.3482328482328482,0.47037422037422044,0.6200623700623701,0.7182952182952184,0.829002079002079,0.75987525987526,1.0,0.9158004158004159,0.8513513513513513,0.6813929313929314,0.7572765072765073,0.7562370062370063,0.5732848232848234,0.46725571725571724,0.5748440748440748,0.7286902286902287,0.6943866943866944,0.6845114345114347,0.6216216216216217,0.5738045738045738,0.9235966735966736,1
0.043262058677275034,0.025360517155643945,0.013923421183490766,0.0,0.06961710591745401,0.06812531079065146,0.0785678766782695,0.07757334659373448,0.3331675783192441,0.4500248632521133,0.5932371954251615,0.6872202884137244,0.793137742416708,0.7270014917951267,0.9567379413227248,0.8761810044753853,0.8145201392342116,0.6519144704127299,0.7245151665837891,0.723520636499254,0.548483341621084,0.44704127299850804,0.5499751367478865,0.697165589259075,0.6643460964694181,0.6548980606663352,0.5947289905519642,0.5489806066633515,0.8836399801093981,1.0,0
0.025360517155643945,0.013923421183490766,0.0,0.06961710591745401,0.06812531079065146,0.0785678766782695,0.07757334659373448,0.3331675783192441,0.4500248632521133,0.5932371954251615,0.6872202884137244,0.793137742416708,0.7270014917951267,0.9567379413227248,0.8761810044753853,0.8145201392342116,0.6519144704127299,0.7245151665837891,0.723520636499254,0.548483341621084,0.44704127299850804,0.5499751367478865,0.697165589259075,0.6643460964694181,0.6548980606663352,0.5947289905519642,0.5489806066633515,0.8836399801093981,1.0,0.7737444057682743,0
0.013923421183490766,0.0,0.06961710591745401,0.06812531079065146,0.0785678766782695,0.07757334659373448,0.3331675783192441,0.4500248632521133,0.5932371954251615,0.6872202884137244,0.793137742416708,0.7270014917951267,0.9567379413227248,0.8761810044753853,0.8145201392342116,0.6519144704127299,0.7245151665837891,0.723520636499254,0.548483341621084,0.44704127299850804,0.5499751367478865,0.697165589259075,0.6643460964694181,0.6548980606663352,0.5947289905519642,0.5489806066633515,0.8836399801093981,1.0,0.7737444057682743,0.46792640477374436,1
0.0,0.06961710591745401,0.06812531079065146,0.0785678766782695,0.07757334659373448,0.3331675783192441,0.4500248632521133,0.5932371954251615,0.6872202884137244,0.793137742416708,0.7270014917951267,0.9567379413227248,0.8761810044753853,0.8145201392342116,0.6519144704127299,0.7245151665837891,0.723520636499254,0.548483341621084,0.44704127299850804,0.5499751367478865,0.697165589259075,0.6643460964694181,0.6548980606663352,0.5947289905519642,0.5489806066633515,0.8836399801093981,1.0,0.7737444057682743,0.46792640477374436,0.46742913973147676,1
0.0016008537886872656,0.0,0.011205976520811048,0.010138740661686204,0.2844183564567768,0.4098185699039487,0.5635005336179294,0.6643543223052294,0.7780149413020275,0.707043756670224,0.953575240128068,0.867129135538954,0.8009605122732122,0.6264674493062965,0.7043756670224118,0.703308431163287,0.5154749199573105,0.406616862326574,0.5170757737459977,0.675026680896478,0.6398078975453574,0.6296691568836713,0.5651013874066168,0.5160085378868728,0.8751334044823904,1.0,0.7572038420490926,0.42902881536819626,0.4284951974386338,0.45410885805763057,1
0.0,0.011205976520811048,0.010138740661686204,0.2844183564567768,0.4098185699039487,0.5635005336179294,0.6643543223052294,0.7780149413020275,0.707043756670224,0.953575240128068,0.867129135538954,0.8009605122732122,0.6264674493062965,0.7043756670224118,0.703308431163287,0.5154749199573105,0.406616862326574,0.5170757737459977,0.675026680896478,0.6398078975453574,0.6296691568836713,0.5651013874066168,0.5160085378868728,0.8751334044823904,1.0,0.7572038420490926,0.42902881536819626,0.4284951974386338,0.45410885805763057,0.5069370330843116,0
0.0010781671159029416,0.0,0.27708894878706186,0.4037735849056603,0.5590296495956871,0.6609164420485174,0.775741239892183,0.704043126684636,0.9530997304582208,0.8657681940700808,0.7989218328840968,0.622641509433962,0.7013477088948785,0.7002695417789756,0.5105121293800539,0.40053908355795126,0.5121293800539082,0.671698113207547,0.6361185983827491,0.6258760107816711,0.5606469002695417,0.5110512129380052,0.8738544474393529,1.0,0.7547169811320752,0.42318059299191363,0.42264150943396206,0.44851752021563324,0.5018867924528301,0.44420485175202146,1
0.0,0.27708894878706186,0.4037735849056603,0.5590296495956871,0.6609164420485174,0.775741239892183,0.704043126684636,0.9530997304582208,0.8657681940700808,0.7989218328840968,0.622641509433962,0.7013477088948785,0.7002695417789756,0.5105121293800539,0.40053908355795126,0.5121293800539082,0.671698113207547,0.6361185983827491,0.6258760107816711,0.5606469002695417,0.5110512129380052,0.8738544474393529,1.0,0.7547169811320752,0.42318059299191363,0.42264150943396206,0.44851752021563324,0.5018867924528301,0.44420485175202146,0.5067385444743935,1
0.0,0.1752423564504102,0.390007457121551,0.5309470544369872,0.6897837434750185,0.5906040268456375,0.9351230425055925,0.8143176733780759,0.721849366144668,0.4780014914243101,0.5868754660700969,0.5853840417598807,0.3228933631618196,0.17076808351976125,0.3251304996271438,0.5458612975391498,0.4966442953020133,0.48247576435495904,0.39224459358687547,0.3236390753169276,0.8255033557046978,1.0,0.6607009694258014,0.20208799403430278,0.20134228187919453,0.2371364653243847,0.3109619686800895,0.2311707680835198,0.31767337807606266,0.5786726323639075,0
0.0053956834532376124,0.2643884892086331,0.4343525179856115,0.6258992805755393,0.506294964028777,0.9217625899280572,0.7760791366906474,0.6645683453237408,0.3705035971223021,0.5017985611510791,0.5,0.1834532374100721,0.0,0.1861510791366906,0.4523381294964028,0.3929856115107913,0.37589928057553973,0.2670863309352519,0.1843525179856115,0.7895683453237408,1.0,0.5908273381294962,0.03776978417266201,0.0368705035971223,0.0800359712230216,0.16906474820143902,0.07284172661870521,0.1771582733812951,0.4919064748201439,0.5044964028776979,0
0.2643884892086331,0.4343525179856115,0.6258992805755393,0.506294964028777,0.9217625899280572,0.7760791366906474,0.6645683453237408,0.3705035971223021,0.5017985611510791,0.5,0.1834532374100721,0.0,0.1861510791366906,0.4523381294964028,0.3929856115107913,0.37589928057553973,0.2670863309352519,0.1843525179856115,0.7895683453237408,1.0,0.5908273381294962,0.03776978417266201,0.0368705035971223,0.0800359712230216,0.16906474820143902,0.07284172661870521,0.1771582733812951,0.4919064748201439,0.5044964028776979,0.3893884892086331,1
0.4343525179856115,0.6258992805755393,0.506294964028777,0.9217625899280572,0.7760791366906474,0.6645683453237408,0.3705035971223021,0.5017985611510791,0.5,0.1834532374100721,0.0,0.1861510791366906,0.4523381294964028,0.3929856115107913,0.37589928057553973,0.2670863309352519,0.1843525179856115,0.7895683453237408,1.0,0.5908273381294962,0.03776978417266201,0.0368705035971223,0.0800359712230216,0.16906474820143902,0.07284172661870521,0.1771582733812951,0.4919064748201439,0.5044964028776979,0.3893884892086331,0.4145683453237411,1
0.6258992805755393,0.506294964028777,0.9217625899280572,0.7760791366906474,0.6645683453237408,0.3705035971223021,0.5017985611510791,0.5,0.1834532374100721,0.0,0.1861510791366906,0.4523381294964028,0.3929856115107913,0.37589928057553973,0.2670863309352519,0.1843525179856115,0.7895683453237408,1.0,0.5908273381294962,0.03776978417266201,0.0368705035971223,0.0800359712230216,0.16906474820143902,0.07284172661870521,0.1771582733812951,0.4919064748201439,0.5044964028776979,0.3893884892086331,0.4145683453237411,0.6753597122302157,0
0.506294964028777,0.9217625899280572,0.7760791366906474,0.6645683453237408,0.3705035971223021,0.5017985611510791,0.5,0.1834532374100721,0.0,0.1861510791366906,0.4523381294964028,0.3929856115107913,0.37589928057553973,0.2670863309352519,0.1843525179856115,0.7895683453237408,1.0,0.5908273381294962,0.03776978417266201,0.0368705035971223,0.0800359712230216,0.16906474820143902,0.07284172661870521,0.1771582733812951,0.4919064748201439,0.5044964028776979,0.3893884892086331,0.4145683453237411,0.6753597122302157,0.6492805755395683,0
0.9217625899280572,0.7760791366906474,0.6645683453237408,0.3705035971223021,0.5017985611510791,0.5,0.1834532374100721,0.0,0.1861510791366906,0.4523381294964028,0.3929856115107913,0.37589928057553973,0.2670863309352519,0.1843525179856115,0.7895683453237408,1.0,0.5908273381294962,0.03776978417266201,0.0368705035971223,0.0800359712230216,0.16906474820143902,0.07284172661870521,0.1771582733812951,0.4919064748201439,0.5044964028776979,0.3893884892086331,0.4145683453237411,0.6753597122302157,0.6492805755395683,0.4550359712230216,1
0.7760791366906474,0.6645683453237408,0.3705035971223021,0.5017985611510791,0.5,0.1834532374100721,0.0,0.1861510791366906,0.4523381294964028,0.3929856115107913,0.37589928057553973,0.2670863309352519,0.1843525179856115,0.7895683453237408,1.0,0.5908273381294962,0.03776978417266201,0.0368705035971223,0.0800359712230216,0.16906474820143902,0.07284172661870521,0.1771582733812951,0.4919064748201439,0.5044964028776979,0.3893884892086331,0.4145683453237411,0.6753597122302157,0.6492805755395683,0.4550359712230216,0.618705035971223,0
0.6645683453237408,0.3705035971223021,0.5017985611510791,0.5,0.1834532374100721,0.0,0.1861510791366906,0.4523381294964028,0.3929856115107913,0.37589928057553973,0.2670863309352519,0.1843525179856115,0.7895683453237408,1.0,0.5908273381294962,0.03776978417266201,0.0368705035971223,0.0800359712230216,0.16906474820143902,0.07284172661870521,0.1771582733812951,0.4919064748201439,0.5044964028776979,0.3893884892086331,0.4145683453237411,0.6753597122302157,0.6492805755395683,0.4550359712230216,0.618705035971223,0.5710431654676258,1
0.3705035971223021,0.5017985611510791,0.5,0.1834532374100721,0.0,0.1861510791366906,0.4523381294964028,0.3929856115107913,0.37589928057553973,0.2670863309352519,0.1843525179856115,0.7895683453237408,1.0,0.5908273381294962,0.03776978417266201,0.0368705035971223,0.0800359712230216,0.16906474820143902,0.07284172661870521,0.1771582733812951,0.4919064748201439,0.5044964028776979,0.3893884892086331,0.4145683453237411,0.6753597122302157,0.6492805755395683,0.4550359712230216,0.618705035971223,0.5710431654676258,0.6393884892086331,1
0.5017985611510791,0.5,0.1834532374100721,0.0,0.1861510791366906,0.4523381294964028,0.3929856115107913,0.37589928057553973,0.2670863309352519,0.1843525179856115,0.7895683453237408,1.0,0.5908273381294962,0.03776978417266201,0.0368705035971223,0.0800359712230216,0.16906474820143902,0.07284172661870521,0.1771582733812951,0.4919064748201439,0.5044964028776979,0.3893884892086331,0.4145683453237411,0.6753597122302157,0.6492805755395683,0.4550359712230216,0.618705035971223,0.5710431654676258,0.6393884892086331,0.8893884892086328,0
0.5,0.1834532374100721,0.0,0.1861510791366906,0.4523381294964028,0.3929856115107913,0.37589928057553973,0.2670863309352519,0.1843525179856115,0.7895683453237408,1.0,0.5908273381294962,0.03776978417266201,0.0368705035971223,0.0800359712230216,0.16906474820143902,0.07284172661870521,0.1771582733812951,0.4919064748201439,0.5044964028776979,0.3893884892086331,0.4145683453237411,0.6753597122302157,0.6492805755395683,0.4550359712230216,0.618705035971223,0.5710431654676258,0.6393884892086331,0.8893884892086328,0.5548561151079136,1
0.1834532374100721,0.0,0.1861510791366906,0.4523381294964028,0.3929856115107913,0.37589928057553973,0.2670863309352519,0.1843525179856115,0.7895683453237408,1.0,0.5908273381294962,0.03776978417266201,0.0368705035971223,0.0800359712230216,0.16906474820143902,0.07284172661870521,0.1771582733812951,0.4919064748201439,0.5044964028776979,0.3893884892086331,0.4145683453237411,0.6753597122302157,0.6492805755395683,0.4550359712230216,0.618705035971223,0.5710431654676258,0.6393884892086331,0.8893884892086328,0.5548561151079136,0.6573741007194244,0
0.0,0.1861510791366906,0.4523381294964028,0.3929856115107913,0.37589928057553973,0.2670863309352519,0.1843525179856115,0.7895683453237408,1.0,0.5908273381294962,0.03776978417266201,0.0368705035971223,0.0800359712230216,0.16906474820143902,0.07284172661870521,0.1771582733812951,0.4919064748201439,0.5044964028776979,0.3893884892086331,0.4145683453237411,0.6753597122302157,0.6492805755395683,0.4550359712230216,0.618705035971223,0.5710431654676258,0.6393884892086331,0.8893884892086328,0.5548561151079136,0.6573741007194244,0.6196043165467624,1
0.15499533146591965,0.43137254901960775,0.3697478991596638,0.3520074696545286,0.23902894491129797,0.15312791783380017,0.7815126050420166,1.0,0.5751633986928102,0.0009337068160599028,0.0,0.04481792717086837,0.1372549019607845,0.037348272642390476,0.14565826330532228,0.4724556489262372,0.4855275443510738,0.36601307189542487,0.39215686274509814,0.6629318394024275,0.6358543417366946,0.4341736694677871,0.6041083099906629,0.5546218487394957,0.6255835667600373,0.8851540616246495,0.5378151260504201,0.6442577030812324,0.6050420168067224,0.6050420168067224,1
0.38628762541806017,0.33110367892976583,0.31521739130434795,0.21404682274247502,0.13712374581939799,0.6998327759197323,0.8954849498327759,0.51505016722408,0.0008361204013379231,0.0,0.04013377926421407,0.12290969899665567,0.03344481605351187,0.1304347826086958,0.42307692307692313,0.4347826086956523,0.3277591973244147,0.351170568561873,0.5936454849498327,0.5693979933110368,0.3887959866220736,0.5409698996655519,0.4966555183946488,0.5602006688963211,0.7926421404682271,0.4816053511705685,0.5769230769230769,0.5418060200668895,0.5418060200668895,1.0,1
0.16562107904642412,0.15767461313258063,0.10706817231283991,0.06859054788791304,0.3500627352572146,0.44792973651191986,0.2576327896277708,0.0004182350480970959,0.0,0.020075282308657485,0.06148055207026359,0.01672940192388131,0.06524466750313686,0.21162693433709753,0.217482225010456,0.16394813885403603,0.17565872020075293,0.29694688414889175,0.28481806775407786,0.1944792973651193,0.27059807611877884,0.2484316185696362,0.2802174822250106,0.39648682559598497,0.24090338770388964,0.28858218318695117,0.2710163111668758,0.2710163111668758,0.5002091175240487,1.0,1
0.15767461313258063,0.10706817231283991,0.06859054788791304,0.3500627352572146,0.44792973651191986,0.2576327896277708,0.0004182350480970959,0.0,0.020075282308657485,0.06148055207026359,0.01672940192388131,0.06524466750313686,0.21162693433709753,0.217482225010456,0.16394813885403603,0.17565872020075293,0.29694688414889175,0.28481806775407786,0.1944792973651193,0.27059807611877884,0.2484316185696362,0.2802174822250106,0.39648682559598497,0.24090338770388964,0.28858218318695117,0.2710163111668758,0.2710163111668758,0.5002091175240487,1.0,0.9326641572563781,1
0.09631301730624538,0.06170052671181341,0.31489841986455985,0.4029345372460498,0.23175319789315274,0.0003762227238525795,0.0,0.01805869074492101,0.05530474040632063,0.015048908954100907,0.05869074492099331,0.19036869826937555,0.19563581640331085,0.14747930775018817,0.15801354401805878,0.2671181339352897,0.25620767494356667,0.17494356659142218,0.24341610233258096,0.22347629796839732,0.25206922498118894,0.3566591422121896,0.21670428893905197,0.25959367945823936,0.24379232505643342,0.24379232505643342,0.4499623777276149,0.8995485327313769,0.8389766741911211,1.0,0
0.06170052671181341,0.31489841986455985,0.4029345372460498,0.23175319789315274,0.0003762227238525795,0.0,0.01805869074492101,0.05530474040632063,0.015048908954100907,0.05869074492099331,0.19036869826937555,0.19563581640331085,0.14747930775018817,0.15801354401805878,0.2671181339352897,0.25620767494356667,0.17494356659142218,0.24341610233258096,0.22347629796839732,0.25206922498118894,0.3566591422121896,0.21670428893905197,0.25959367945823936,0.24379232505643342,0.24379232505643342,0.4499623777276149,0.8995485327313769,0.8389766741911211,1.0,0.8833709556057185,1
0.31489841986455985,0.4029345372460498,0.23175319789315274,0.0003762227238525795,0.0,0.01805869074492101,0.05530474040632063,0.015048908954100907,0.05869074492099331,0.19036869826937555,0.19563581640331085,0.14747930775018817,0.15801354401805878,0.2671181339352897,0.25620767494356667,0.17494356659142218,0.24341610233258096,0.22347629796839732,0.25206922498118894,0.3566591422121896,0.21670428893905197,0.25959367945823936,0.24379232505643342,0.24379232505643342,0.4499623777276149,0.8995485327313769,0.8389766741911211,1.0,0.8833709556057185,0.9048156508653122,0
0.4029345372460498,0.23175319789315274,0.0003762227238525795,0.0,0.01805869074492101,0.05530474040632063,0.015048908954100907,0.05869074492099331,0.19036869826937555,0.19563581640331085,0.14747930775018817,0.15801354401805878,0.2671181339352897,0.25620767494356667,0.17494356659142218,0.24341610233258096,0.22347629796839732,0.25206922498118894,0.3566591422121896,0.21670428893905197,0.25959367945823936,0.24379232505643342,0.24379232505643342,0.4499623777276149,0.8995485327313769,0.8389766741911211,1.0,0.8833709556057185,0.9048156508653122,0.9018058690744921,0
0.23175319789315274,0.0003762227238525795,0.0,0.01805869074492101,0.05530474040632063,0.015048908954100907,0.05869074492099331,0.19036869826937555,0.19563581640331085,0.14747930775018817,0.15801354401805878,0.2671181339352897,0.25620767494356667,0.17494356659142218,0.24341610233258096,0.22347629796839732,0.25206922498118894,0.3566591422121896,0.21670428893905197,0.25959367945823936,0.24379232505643342,0.24379232505643342,0.4499623777276149,0.8995485327313769,0.8389766741911211,1.0,0.8833709556057185,0.9048156508653122,0.9018058690744921,0.887885628291949,0
0.0003762227238525795,0.0,0.01805869074492101,0.05530474040632063,0.015048908954100907,0.05869074492099331,0.19036869826937555,0.19563581640331085,0.14747930775018817,0.15801354401805878,0.2671181339352897,0.25620767494356667,0.17494356659142218,0.24341610233258096,0.22347629796839732,0.25206922498118894,0.3566591422121896,0.21670428893905197,0.25959367945823936,0.24379232505643342,0.24379232505643342,0.4499623777276149,0.8995485327313769,0.8389766741911211,1.0,0.8833709556057185,0.9048156508653122,0.9018058690744921,0.887885628291949,0.7806621519939805,0
0.0,0.01805869074492101,0.05530474040632063,0.015048908954100907,0.05869074492099331,0.19036869826937555,0.19563581640331085,0.14747930775018817,0.15801354401805878,0.2671181339352897,0.25620767494356667,0.17494356659142218,0.24341610233258096,0.22347629796839732,0.25206922498118894,0.3566591422121896,0.21670428893905197,0.25959367945823936,0.24379232505643342,0.24379232505643342,0.4499623777276149,0.8995485327313769,0.8389766741911211,1.0,0.8833709556057185,0.9048156508653122,0.9018058690744921,0.887885628291949,0.7806621519939805,0.7592174567343868,0
0.0030557677616500495,0.04087089381207029,0.0,0.04430863254392667,0.1779984721161192,0.1833460656990069,0.13445378151260504,0.14514896867838048,0.2559205500381971,0.24484339190221543,0.16233766233766234,0.23185637891520247,0.2116119174942704,0.24064171122994654,0.34682964094728796,0.20473644003055766,0.2482811306340718,0.23223834988540865,0.23223834988540865,0.44155844155844165,0.8980137509549274,0.8365164247517188,1.0,0.881588999236058,0.9033613445378151,0.9003055767761651,0.8861726508785334,0.7773109243697479,0.7555385790679909,0.6489686783804431,1
0.04087089381207029,0.0,0.04430863254392667,0.1779984721161192,0.1833460656990069,0.13445378151260504,0.14514896867838048,0.2559205500381971,0.24484339190221543,0.16233766233766234,0.23185637891520247,0.2116119174942704,0.24064171122994654,0.34682964094728796,0.20473644003055766,0.2482811306340718,0.23223834988540865,0.23223834988540865,0.44155844155844165,0.8980137509549274,0.8365164247517188,1.0,0.881588999236058,0.9033613445378151,0.9003055767761651,0.8861726508785334,0.7773109243697479,0.7555385790679909,0.6489686783804431,0.6264323911382734,1
0.0,0.04430863254392667,0.1779984721161192,0.1833460656990069,0.13445378151260504,0.14514896867838048,0.2559205500381971,0.24484339190221543,0.16233766233766234,0.23185637891520247,0.2116119174942704,0.24064171122994654,0.34682964094728796,0.20473644003055766,0.2482811306340718,0.23223834988540865,0.23223834988540865,0.44155844155844165,0.8980137509549274,0.8365164247517188,1.0,0.881588999236058,0.9033613445378151,0.9003055767761651,0.8861726508785334,0.7773109243697479,0.7555385790679909,0.6489686783804431,0.6264323911382734,0.7146676852559206,0
0.0,0.1398880895283773,0.1454836131095124,0.09432454036770581,0.10551558752997604,0.22142286171063147,0.20983213429256595,0.12350119904076738,0.1962430055955236,0.17505995203836927,0.20543565147881698,0.316546762589928,0.16786570743405274,0.21342925659472423,0.1966426858513189,0.1966426858513189,0.41566746602717836,0.8932853717026378,0.8289368505195843,1.0,0.8760991207034372,0.8988808952837729,0.89568345323741,0.8808952837729818,0.766986410871303,0.7442046362909672,0.6326938449240609,0.6091127098321343,0.7014388489208634,0.6302957633892886,0
0.050308914386584316,0.05648720211827013,0.0,0.012356575463371629,0.14033539276257723,0.12753751103265668,0.032215357458075924,0.11253309796999121,0.08914386584289495,0.12268314210061788,0.2453662842012356,0.08120035304501323,0.13150926743159755,0.11297440423654011,0.11297440423654011,0.35481023830538405,0.8821712268314209,0.8111209179170343,1.0,0.8631950573698146,0.8883495145631067,0.8848190644307149,0.8684907325684026,0.7427184466019419,0.7175639894086496,0.5944395410414829,0.5684024713150926,0.6703442188879083,0.5917917034421889,0.560017652250662,0
0.05648720211827013,0.0,0.012356575463371629,0.14033539276257723,0.12753751103265668,0.032215357458075924,0.11253309796999121,0.08914386584289495,0.12268314210061788,0.2453662842012356,0.08120035304501323,0.13150926743159755,0.11297440423654011,0.11297440423654011,0.35481023830538405,0.8821712268314209,0.8111209179170343,1.0,0.8631950573698146,0.8883495145631067,0.8848190644307149,0.8684907325684026,0.7427184466019419,0.7175639894086496,0.5944395410414829,0.5684024713150926,0.6703442188879083,0.5917917034421889,0.560017652250662,0.5000000000000001,1
0.0,0.012356575463371629,0.14033539276257723,0.12753751103265668,0.032215357458075924,0.11253309796999121,0.08914386584289495,0.12268314210061788,0.2453662842012356,0.08120035304501323,0.13150926743159755,0.11297440423654011,0.11297440423654011,0.35481023830538405,0.8821712268314209,0.8111209179170343,1.0,0.8631950573698146,0.8883495145631067,0.8848190644307149,0.8684907325684026,0.7427184466019419,0.7175639894086496,0.5944395410414829,0.5684024713150926,0.6703442188879083,0.5917917034421889,0.560017652250662,0.5000000000000001,0.6138570167696381,1
0.0,0.12957998212689895,0.1166219839142091,0.02010723860589809,0.10142984807864162,0.07774798927613934,0.11170688114387847,0.23592493297587122,0.06970509383378011,0.12064343163538871,0.10187667560321706,0.10187667560321706,0.34673815907059885,0.8806970509383377,0.80875781948168,1.0,0.8614834673815907,0.886952636282395,0.8833780160857909,0.866845397676497,0.7394995531724755,0.7140303842716712,0.5893655049151029,0.5630026809651474,0.6662198391420912,0.5866845397676497,0.5545129579982128,0.4937444146559429,0.6090259159964254,0.8261840929401251,1
0.09094283593170005,0.0801781737193764,0.0,0.06755753526354864,0.04788418708240532,0.07609502598366744,0.17928730512249438,0.04120267260579063,0.08351893095768374,0.06792873051224939,0.06792873051224939,0.27134372680029706,0.7149220489977728,0.6551596139569413,0.814031180400891,0.6989606533036377,0.7201187824795843,0.7171492204899778,0.7034149962880477,0.5976243504083149,0.5764662212323683,0.4729027468448405,0.4510022271714922,0.536748329621381,0.4706755753526355,0.4439495174461768,0.3934669636228657,0.48923533778767636,0.6696362286562733,1.0,0
0.0801781737193764,0.0,0.06755753526354864,0.04788418708240532,0.07609502598366744,0.17928730512249438,0.04120267260579063,0.08351893095768374,0.06792873051224939,0.06792873051224939,0.27134372680029706,0.7149220489977728,0.6551596139569413,0.814031180400891,0.6989606533036377,0.7201187824795843,0.7171492204899778,0.7034149962880477,0.5976243504083149,0.5764662212323683,0.4729027468448405,0.4510022271714922,0.536748329621381,0.4706755753526355,0.4439495174461768,0.3934669636228657,0.48923533778767636,0.6696362286562733,1.0,0.9205642167780252,0
0.0,0.06755753526354864,0.04788418708240532,0.07609502598366744,0.17928730512249438,0.04120267260579063,0.08351893095768374,0.06792873051224939,0.06792873051224939,0.27134372680029706,0.7149220489977728,0.6551596139569413,0.814031180400891,0.6989606533036377,0.7201187824795843,0.7171492204899778,0.7034149962880477,0.5976243504083149,0.5764662212323683,0.4729027468448405,0.4510022271714922,0.536748329621381,0.4706755753526355,0.4439495174461768,0.3934669636228657,0.48923533778767636,0.6696362286562733,1.0,0.9205642167780252,0.8440979955456571,0
0.027487417731320206,0.006968641114982568,0.036391792489353515,0.14401858304297324,0.0,0.044134727061556356,0.027874564459930272,0.027874564459930272,0.24003097173828894,0.70267131242741,0.6403406891211769,0.8060394889663183,0.6860240030971738,0.708091366627952,0.7049941927990709,0.6906697638404957,0.5803329461866048,0.5582655826558267,0.45025164537359674,0.4274099883855981,0.5168408826945413,0.4479287650019358,0.4200542005420055,0.36740224545102607,0.4672861014324429,0.6554394115369725,1.0,0.9171506000774293,0.83739837398374,0.6612466124661246,1
0.006968641114982568,0.036391792489353515,0.14401858304297324,0.0,0.044134727061556356,0.027874564459930272,0.027874564459930272,0.24003097173828894,0.70267131242741,0.6403406891211769,0.8060394889663183,0.6860240030971738,0.708091366627952,0.7049941927990709,0.6906697638404957,0.5803329461866048,0.5582655826558267,0.45025164537359674,0.4274099883855981,0.5168408826945413,0.4479287650019358,0.4200542005420055,0.36740224545102607,0.4672861014324429,0.6554394115369725,1.0,0.9171506000774293,0.83739837398374,0.6612466124661246,0.8765001935733644,0
0.036391792489353515,0.14401858304297324,0.0,0.044134727061556356,0.027874564459930272,0.027874564459930272,0.24003097173828894,0.70267131242741,0.6403406891211769,0.8060394889663183,0.6860240030971738,0.708091366627952,0.7049941927990709,0.6906697638404957,0.5803329461866048,0.5582655826558267,0.45025164537359674,0.4274099883855981,0.5168408826945413,0.4479287650019358,0.4200542005420055,0.36740224545102607,0.4672861014324429,0.6554394115369725,1.0,0.9171506000774293,0.83739837398374,0.6612466124661246,0.8765001935733644,0.7773906310491676,0
0.14401858304297324,0.0,0.044134727061556356,0.027874564459930272,0.027874564459930272,0.24003097173828894,0.70267131242741,0.6403406891211769,0.8060394889663183,0.6860240030971738,0.708091366627952,0.7049941927990709,0.6906697638404957,0.5803329461866048,0.5582655826558267,0.45025164537359674,0.4274099883855981,0.5168408826945413,0.4479287650019358,0.4200542005420055,0.36740224545102607,0.4672861014324429,0.6554394115369725,1.0,0.9171506000774293,0.83739837398374,0.6612466124661246,0.8765001935733644,0.7773906310491676,0.6612466124661246,1
0.0,0.044134727061556356,0.027874564459930272,0.027874564459930272,0.24003097173828894,0.70267131242741,0.6403406891211769,0.8060394889663183,0.6860240030971738,0.708091366627952,0.7049941927990709,0.6906697638404957,0.5803329461866048,0.5582655826558267,0.45025164537359674,0.4274099883855981,0.5168408826945413,0.4479287650019358,0.4200542005420055,0.36740224545102607,0.4672861014324429,0.6554394115369725,1.0,0.9171506000774293,0.83739837398374,0.6612466124661246,0.8765001935733644,0.7773906310491676,0.6612466124661246,0.6128532713898567,1
0.016726403823178086,0.0,0.0,0.2182397451214657,0.6941457586618877,0.6300278773397053,0.8004778972520908,0.6770211071286341,0.6997212266029471,0.6965352449223418,0.6818000796495423,0.568299482277977,0.5455993628036641,0.43448825169255295,0.4109916367980884,0.5029868578255676,0.43209876543209885,0.40342493030665083,0.34926324173636014,0.4520111509358822,0.6455595380326563,1.0,0.9147749900438072,0.83273596176822,0.6515332536837913,0.8729589804858623,0.7710075667064914,0.6515332536837913,0.6017522899243329,0.7379530067702111,0
0.0,0.0,0.2182397451214657,0.6941457586618877,0.6300278773397053,0.8004778972520908,0.6770211071286341,0.6997212266029471,0.6965352449223418,0.6818000796495423,0.568299482277977,0.5455993628036641,0.43448825169255295,0.4109916367980884,0.5029868578255676,0.43209876543209885,0.40342493030665083,0.34926324173636014,0.4520111509358822,0.6455595380326563,1.0,0.9147749900438072,0.83273596176822,0.6515332536837913,0.8729589804858623,0.7710075667064914,0.6515332536837913,0.6017522899243329,0.7379530067702111,0.6415770609318996,0
0.0,0.2182397451214657,0.6941457586618877,0.6300278773397053,0.8004778972520908,0.6770211071286341,0.6997212266029471,0.6965352449223418,0.6818000796495423,0.568299482277977,0.5455993628036641,0.43448825169255295,0.4109916367980884,0.5029868578255676,0.43209876543209885,0.40342493030665083,0.34926324173636014,0.4520111509358822,0.6455595380326563,1.0,0.9147749900438072,0.83273596176822,0.6515332536837913,0.8729589804858623,0.7710075667064914,0.6515332536837913,0.6017522899243329,0.7379530067702111,0.6415770609318996,0.5009956192751891,0
0.0,0.6087620988283239,0.5267447784004075,0.7447784004075395,0.5868568517575139,0.6158940397350993,0.6118186449312277,0.5929699439633216,0.44778400407539487,0.4187468160978095,0.2766174223127866,0.2465613856342332,0.3642384105960265,0.2735608762098828,0.2368823229750382,0.16760061130922058,0.2990320937340804,0.5466123280692817,1.0,0.890983188996434,0.7860417727967398,0.554253693326541,0.837493632195619,0.7070809984717269,0.554253693326541,0.49057564951604676,0.6647987773815589,0.5415180845644421,0.3616912888436065,0.16403464085583289,1
0.5319926873857403,0.4338817794028031,0.6946983546617916,0.5057891529555149,0.5405240706886044,0.5356489945155394,0.5131017672151129,0.3394271785496649,0.3046922608165753,0.13467397928092634,0.09872029250457025,0.23948811700182818,0.1310176721511273,0.08714198659354053,0.004265691651432072,0.16148689823278484,0.457647775746496,1.0,0.8695917123705057,0.744058500914077,0.4667885435709932,0.8056063375990251,0.6496039000609384,0.4667885435709932,0.39061547836684934,0.599024984765387,0.4515539305301644,0.23644119439366218,0.0,0.12126751980499667,1
0.4338817794028031,0.6946983546617916,0.5057891529555149,0.5405240706886044,0.5356489945155394,0.5131017672151129,0.3394271785496649,0.3046922608165753,0.13467397928092634,0.09872029250457025,0.23948811700182818,0.1310176721511273,0.08714198659354053,0.004265691651432072,0.16148689823278484,0.457647775746496,1.0,0.8695917123705057,0.744058500914077,0.4667885435709932,0.8056063375990251,0.6496039000609384,0.4667885435709932,0.39061547836684934,0.599024984765387,0.4515539305301644,0.23644119439366218,0.0,0.12126751980499667,0.2285191956124315,0
0.6946983546617916,0.5057891529555149,0.5405240706886044,0.5356489945155394,0.5131017672151129,0.3394271785496649,0.3046922608165753,0.13467397928092634,0.09872029250457025,0.23948811700182818,0.1310176721511273,0.08714198659354053,0.004265691651432072,0.16148689823278484,0.457647775746496,1.0,0.8695917123705057,0.744058500914077,0.4667885435709932,0.8056063375990251,0.6496039000609384,0.4667885435709932,0.39061547836684934,0.599024984765387,0.4515539305301644,0.23644119439366218,0.0,0.12126751980499667,0.2285191956124315,0.32784887263863477,0
0.5057891529555149,0.5405240706886044,0.5356489945155394,0.5131017672151129,0.3394271785496649,0.3046922608165753,0.13467397928092634,0.09872029250457025,0.23948811700182818,0.1310176721511273,0.08714198659354053,0.004265691651432072,0.16148689823278484,0.457647775746496,1.0,0.8695917123705057,0.744058500914077,0.4667885435709932,0.8056063375990251,0.6496039000609384,0.4667885435709932,0.39061547836684934,0.599024984765387,0.4515539305301644,0.23644119439366218,0.0,0.12126751980499667,0.2285191956124315,0.32784887263863477,0.11822059719683109,1
0.5405240706886044,0.5356489945155394,0.5131017672151129,0.3394271785496649,0.3046922608165753,0.13467397928092634,0.09872029250457025,0.23948811700182818,0.1310176721511273,0.08714198659354053,0.004265691651432072,0.16148689823278484,0.457647775746496,1.0,0.8695917123705057,0.744058500914077,0.4667885435709932,0.8056063375990251,0.6496039000609384,0.4667885435709932,0.39061547836684934,0.599024984765387,0.4515539305301644,0.23644119439366218,0.0,0.12126751980499667,0.2285191956124315,0.32784887263863477,0.11822059719683109,0.37172455819622197,1
0.5356489945155394,0.5131017672151129,0.3394271785496649,0.3046922608165753,0.13467397928092634,0.09872029250457025,0.23948811700182818,0.1310176721511273,0.08714198659354053,0.004265691651432072,0.16148689823278484,0.457647775746496,1.0,0.8695917123705057,0.744058500914077,0.4667885435709932,0.8056063375990251,0.6496039000609384,0.4667885435709932,0.39061547836684934,0.599024984765387,0.4515539305301644,0.23644119439366218,0.0,0.12126751980499667,0.2285191956124315,0.32784887263863477,0.11822059719683109,0.37172455819622197,0.41681901279707484,0
0.5131017672151129,0.3394271785496649,0.3046922608165753,0.13467397928092634,0.09872029250457025,0.23948811700182818,0.1310176721511273,0.08714198659354053,0.004265691651432072,0.16148689823278484,0.457647775746496,1.0,0.8695917123705057,0.744058500914077,0.4667885435709932,0.8056063375990251,0.6496039000609384,0.4667885435709932,0.39061547836684934,0.599024984765387,0.4515539305301644,0.23644119439366218,0.0,0.12126751980499667,0.2285191956124315,0.32784887263863477,0.11822059719683109,0.37172455819622197,0.41681901279707484,0.46556977452772713,0
0.3394271785496649,0.3046922608165753,0.13467397928092634,0.09872029250457025,0.23948811700182818,0.1310176721511273,0.08714198659354053,0.004265691651432072,0.16148689823278484,0.457647775746496,1.0,0.8695917123705057,0.744058500914077,0.4667885435709932,0.8056063375990251,0.6496039000609384,0.4667885435709932,0.39061547836684934,0.599024984765387,0.4515539305301644,0.23644119439366218,0.0,0.12126751980499667,0.2285191956124315,0.32784887263863477,0.11822059719683109,0.37172455819622197,0.41681901279707484,0.46556977452772713,0.3132236441194395,0
0.3046922608165753,0.13467397928092634,0.09872029250457025,0.23948811700182818,0.1310176721511273,0.08714198659354053,0.004265691651432072,0.16148689823278484,0.457647775746496,1.0,0.8695917123705057,0.744058500914077,0.4667885435709932,0.8056063375990251,0.6496039000609384,0.4667885435709932,0.39061547836684934,0.599024984765387,0.4515539305301644,0.23644119439366218,0.0,0.12126751980499667,0.2285191956124315,0.32784887263863477,0.11822059719683109,0.37172455819622197,0.41681901279707484,0.46556977452772713,0.3132236441194395,0.3345521023765994,0
0.13467397928092634,0.09872029250457025,0.23948811700182818,0.1310176721511273,0.08714198659354053,0.004265691651432072,0.16148689823278484,0.457647775746496,1.0,0.8695917123705057,0.744058500914077,0.4667885435709932,0.8056063375990251,0.6496039000609384,0.4667885435709932,0.39061547836684934,0.599024984765387,0.4515539305301644,0.23644119439366218,0.0,0.12126751980499667,0.2285191956124315,0.32784887263863477,0.11822059719683109,0.37172455819622197,0.41681901279707484,0.46556977452772713,0.3132236441194395,0.3345521023765994,0.20231566118220604,0
0.09872029250457025,0.23948811700182818,0.1310176721511273,0.08714198659354053,0.004265691651432072,0.16148689823278484,0.457647775746496,1.0,0.8695917123705057,0.744058500914077,0.4667885435709932,0.8056063375990251,0.6496039000609384,0.4667885435709932,0.39061547836684934,0.599024984765387,0.4515539305301644,0.23644119439366218,0.0,0.12126751980499667,0.2285191956124315,0.32784887263863477,0.11822059719683109,0.37172455819622197,0.41681901279707484,0.46556977452772713,0.3132236441194395,0.3345521023765994,0.20231566118220604,0.20170627666057256,0
0.23948811700182818,0.1310176721511273,0.08714198659354053,0.004265691651432072,0.16148689823278484,0.457647775746496,1.0,0.8695917123705057,0.744058500914077,0.4667885435709932,0.8056063375990251,0.6496039000609384,0.4667885435709932,0.39061547836684934,0.599024984765387,0.4515539305301644,0.23644119439366218,0.0,0.12126751980499667,0.2285191956124315,0.32784887263863477,0.11822059719683109,0.37172455819622197,0.41681901279707484,0.46556977452772713,0.3132236441194395,0.3345521023765994,0.20231566118220604,0.20170627666057256,0.19622181596587443,0
0.1310176721511273,0.08714198659354053,0.004265691651432072,0.16148689823278484,0.457647775746496,1.0,0.8695917123705057,0.744058500914077,0.4667885435709932,0.8056063375990251,0.6496039000609384,0.4667885435709932,0.39061547836684934,0.599024984765387,0.4515539305301644,0.23644119439366218,0.0,0.12126751980499667,0.2285191956124315,0.32784887263863477,0.11822059719683109,0.37172455819622197,0.41681901279707484,0.46556977452772713,0.3132236441194395,0.3345521023765994,0.20231566118220604,0.20170627666057256,0.19622181596587443,0.10298598415600232,1
0.08714198659354053,0.004265691651432072,0.16148689823278484,0.457647775746496,1.0,0.8695917123705057,0.744058500914077,0.4667885435709932,0.8056063375990251,0.6496039000609384,0.4667885435709932,0.39061547836684934,0.599024984765387,0.4515539305301644,0.23644119439366218,0.0,0.12126751980499667,0.2285191956124315,0.32784887263863477,0.11822059719683109,0.37172455819622197,0.41681901279707484,0.46556977452772713,0.3132236441194395,0.3345521023765994,0.20231566118220604,0.20170627666057256,0.19622181596587443,0.10298598415600232,0.1340645947592929,1
0.004265691651432072,0.16148689823278484,0.457647775746496,1.0,0.8695917123705057,0.744058500914077,0.4667885435709932,0.8056063375990251,0.6496039000609384,0.4667885435709932,0.39061547836684934,0.599024984765387,0.4515539305301644,0.23644119439366218,0.0,0.12126751980499667,0.2285191956124315,0.32784887263863477,0.11822059719683109,0.37172455819622197,0.41681901279707484,0.46556977452772713,0.3132236441194395,0.3345521023765994,0.20231566118220604,0.20170627666057256,0.19622181596587443,0.10298598415600232,0.1340645947592929,0.09140767824497259,1
0.16148689823278484,0.457647775746496,1.0,0.8695917123705057,0.744058500914077,0.4667885435709932,0.8056063375990251,0.6496039000609384,0.4667885435709932,0.39061547836684934,0.599024984765387,0.4515539305301644,0.23644119439366218,0.0,0.12126751980499667,0.2285191956124315,0.32784887263863477,0.11822059719683109,0.37172455819622197,0.41681901279707484,0.46556977452772713,0.3132236441194395,0.3345521023765994,0.20231566118220604,0.20170627666057256,0.19622181596587443,0.10298598415600232,0.1340645947592929,0.09140767824497259,0.24984765386959185,0
0.457647775746496,1.0,0.8695917123705057,0.744058500914077,0.4667885435709932,0.8056063375990251,0.6496039000609384,0.4667885435709932,0.39061547836684934,0.599024984765387,0.4515539305301644,0.23644119439366218,0.0,0.12126751980499667,0.2285191956124315,0.32784887263863477,0.11822059719683109,0.37172455819622197,0.41681901279707484,0.46556977452772713,0.3132236441194395,0.3345521023765994,0.20231566118220604,0.20170627666057256,0.19622181596587443,0.10298598415600232,0.1340645947592929,0.09140767824497259,0.24984765386959185,0.2510664229128579,0
1.0,0.8695917123705057,0.744058500914077,0.4667885435709932,0.8056063375990251,0.6496039000609384,0.4667885435709932,0.39061547836684934,0.599024984765387,0.4515539305301644,0.23644119439366218,0.0,0.12126751980499667,0.2285191956124315,0.32784887263863477,0.11822059719683109,0.37172455819622197,0.41681901279707484,0.46556977452772713,0.3132236441194395,0.3345521023765994,0.20231566118220604,0.20170627666057256,0.19622181596587443,0.10298598415600232,0.1340645947592929,0.09140767824497259,0.24984765386959185,0.2510664229128579,0.1956124314442414,1
1.0,0.8556412053258587,0.536790469516468,0.926419060967064,0.7470217238962858,0.536790469516468,0.44919411352487726,0.6888577435178698,0.5192711983181498,0.27189908899789744,0.0,0.13945339873861215,0.2627890679747723,0.37701471618780635,0.13594954449894872,0.42747021723896306,0.47932725998598447,0.5353889278206029,0.3601962158374213,0.38472319551506634,0.23265592151366513,0.23195515066573202,0.22564821303433774,0.11843027330063056,0.15416958654519947,0.10511562718990893,0.28731604765241786,0.288717589348283,0.22494744218640517,0.27610371408549395,1
0.9236006051437218,0.5794251134644476,1.0,0.8063540090771556,0.5794251134644476,0.4848714069591526,0.7435703479576399,0.5605143721633886,0.2934947049924354,0.0,0.1505295007564293,0.2836611195158851,0.4069591527987894,0.1467473524962177,0.46142208774583976,0.517397881996974,0.5779122541603632,0.38880484114977315,0.41527987897125535,0.2511346444780636,0.25037821482602085,0.24357034795763988,0.12783661119515868,0.1664145234493189,0.11346444780635402,0.31013615733736777,0.31164901664145217,0.24281391830559768,0.2980332829046897,0.34266263237518924,1
0.5794251134644476,1.0,0.8063540090771556,0.5794251134644476,0.4848714069591526,0.7435703479576399,0.5605143721633886,0.2934947049924354,0.0,0.1505295007564293,0.2836611195158851,0.4069591527987894,0.1467473524962177,0.46142208774583976,0.517397881996974,0.5779122541603632,0.38880484114977315,0.41527987897125535,0.2511346444780636,0.25037821482602085,0.24357034795763988,0.12783661119515868,0.1664145234493189,0.11346444780635402,0.31013615733736777,0.31164901664145217,0.24281391830559768,0.2980332829046897,0.34266263237518924,0.6006051437216338,0
1.0,0.8063540090771556,0.5794251134644476,0.4848714069591526,0.7435703479576399,0.5605143721633886,0.2934947049924354,0.0,0.1505295007564293,0.2836611195158851,0.4069591527987894,0.1467473524962177,0.46142208774583976,0.517397881996974,0.5779122541603632,0.38880484114977315,0.41527987897125535,0.2511346444780636,0.25037821482602085,0.24357034795763988,0.12783661119515868,0.1664145234493189,0.11346444780635402,0.31013615733736777,0.31164901664145217,0.24281391830559768,0.2980332829046897,0.34266263237518924,0.6006051437216338,0.46747352496217853,1
1.0,0.7185741088180112,0.6013133208255158,0.9221388367729833,0.6951219512195121,0.36397748592870516,0.0,0.1866791744840521,0.351782363977486,0.5046904315196995,0.18198874296435258,0.5722326454033775,0.6416510318949342,0.7166979362101317,0.48217636022514093,0.515009380863039,0.31144465290806767,0.31050656660412723,0.3020637898686679,0.1585365853658535,0.2063789868667914,0.14071294559099443,0.38461538461538486,0.38649155722326445,0.3011257035647281,0.36960600375234515,0.4249530956848032,0.7448405253283302,0.579737335834897,0.645403377110694,1
0.7792472024415054,0.6520854526958288,1.0,0.7538148524923701,0.39471007121057944,0.0,0.2024415055951165,0.3814852492370296,0.5473041709053913,0.19735503560528972,0.6205493387589016,0.6958290946083415,0.777212614445575,0.522889114954222,0.5584944048830107,0.33774160732451686,0.33672431332655095,0.3275686673448626,0.17192268565615443,0.22380467955239025,0.15259409969481183,0.4170905391658191,0.41912512716174954,0.3265513733468974,0.40081383519837216,0.46083418107833185,0.8077314343845371,0.6286876907426246,0.6998982706002032,0.9877924720244153,0
0.6520854526958288,1.0,0.7538148524923701,0.39471007121057944,0.0,0.2024415055951165,0.3814852492370296,0.5473041709053913,0.19735503560528972,0.6205493387589016,0.6958290946083415,0.777212614445575,0.522889114954222,0.5584944048830107,0.33774160732451686,0.33672431332655095,0.3275686673448626,0.17192268565615443,0.22380467955239025,0.15259409969481183,0.4170905391658191,0.41912512716174954,0.3265513733468974,0.40081383519837216,0.46083418107833185,0.8077314343845371,0.6286876907426246,0.6998982706002032,0.9877924720244153,0.9247202441505593,0
1.0,0.7538148524923701,0.39471007121057944,0.0,0.2024415055951165,0.3814852492370296,0.5473041709053913,0.19735503560528972,0.6205493387589016,0.6958290946083415,0.777212614445575,0.522889114954222,0.5584944048830107,0.33774160732451686,0.33672431332655095,0.3275686673448626,0.17192268565615443,0.22380467955239025,0.15259409969481183,0.4170905391658191,0.41912512716174954,0.3265513733468974,0.40081383519837216,0.46083418107833185,0.8077314343845371,0.6286876907426246,0.6998982706002032,0.9877924720244153,0.9247202441505593,0.7711088504577822,1
0.76313079299691,0.3995880535530376,0.0,0.2049433573635422,0.3861997940267765,0.5540679711637482,0.1997940267765188,0.6282183316168899,0.7044284243048399,0.7868177136972193,0.529351184346035,0.5653964984552002,0.3419155509783728,0.34088568486096754,0.3316168898043253,0.17404737384140037,0.22657054582904176,0.1544799176107106,0.42224510813594246,0.4243048403707515,0.3305870236869208,0.40576725025746624,0.46652935118434613,0.8177136972193612,0.6364572605561276,0.7085478887744588,1.0,0.9361483007209058,0.7806385169927907,0.8424304840370751,0
0.3995880535530376,0.0,0.2049433573635422,0.3861997940267765,0.5540679711637482,0.1997940267765188,0.6282183316168899,0.7044284243048399,0.7868177136972193,0.529351184346035,0.5653964984552002,0.3419155509783728,0.34088568486096754,0.3316168898043253,0.17404737384140037,0.22657054582904176,0.1544799176107106,0.42224510813594246,0.4243048403707515,0.3305870236869208,0.40576725025746624,0.46652935118434613,0.8177136972193612,0.6364572605561276,0.7085478887744588,1.0,0.9361483007209058,0.7806385169927907,0.8424304840370751,0.7734294541709575,0
0.0,0.2049433573635422,0.3861997940267765,0.5540679711637482,0.1997940267765188,0.6282183316168899,0.7044284243048399,0.7868177136972193,0.529351184346035,0.5653964984552002,0.3419155509783728,0.34088568486096754,0.3316168898043253,0.17404737384140037,0.22657054582904176,0.1544799176107106,0.42224510813594246,0.4243048403707515,0.3305870236869208,0.40576725025746624,0.46652935118434613,0.8177136972193612,0.6364572605561276,0.7085478887744588,1.0,0.9361483007209058,0.7806385169927907,0.8424304840370751,0.7734294541709575,0.709577754891864,0
0.05968331303288609,0.2740560292326431,0.47259439707673506,0.053593179049938815,0.5602923264311817,0.6504263093788059,0.7478684531059683,0.4433617539585871,0.4859926918392198,0.22168087697929356,0.2204628501827034,0.20950060901339815,0.023142509135200696,0.08526187576126622,0.0,0.31668696711327665,0.3191230207064552,0.20828258221680884,0.29719853836784377,0.36906211936662614,0.7844092570036537,0.5700365408038975,0.6552984165651639,1.0,0.9244823386114489,0.740560292326431,0.8136419001218026,0.7320341047503042,0.656516443361754,0.6552984165651639,0
0.2740560292326431,0.47259439707673506,0.053593179049938815,0.5602923264311817,0.6504263093788059,0.7478684531059683,0.4433617539585871,0.4859926918392198,0.22168087697929356,0.2204628501827034,0.20950060901339815,0.023142509135200696,0.08526187576126622,0.0,0.31668696711327665,0.3191230207064552,0.20828258221680884,0.29719853836784377,0.36906211936662614,0.7844092570036537,0.5700365408038975,0.6552984165651639,1.0,0.9244823386114489,0.740560292326431,0.8136419001218026,0.7320341047503042,0.656516443361754,0.6552984165651639,0.35200974421437276,1
0.47259439707673506,0.053593179049938815,0.5602923264311817,0.6504263093788059,0.7478684531059683,0.4433617539585871,0.4859926918392198,0.22168087697929356,0.2204628501827034,0.20950060901339815,0.023142509135200696,0.08526187576126622,0.0,0.31668696711327665,0.3191230207064552,0.20828258221680884,0.29719853836784377,0.36906211936662614,0.7844092570036537,0.5700365408038975,0.6552984165651639,1.0,0.9244823386114489,0.740560292326431,0.8136419001218026,0.7320341047503042,0.656516443361754,0.6552984165651639,0.35200974421437276,0.4543239951278924,1
0.053593179049938815,0.5602923264311817,0.6504263093788059,0.7478684531059683,0.4433617539585871,0.4859926918392198,0.22168087697929356,0.2204628501827034,0.20950060901339815,0.023142509135200696,0.08526187576126622,0.0,0.31668696711327665,0.3191230207064552,0.20828258221680884,0.29719853836784377,0.36906211936662614,0.7844092570036537,0.5700365408038975,0.6552984165651639,1.0,0.9244823386114489,0.740560292326431,0.8136419001218026,0.7320341047503042,0.656516443361754,0.6552984165651639,0.35200974421437276,0.4543239951278924,0.4250913520097436,1
0.5602923264311817,0.6504263093788059,0.7478684531059683,0.4433617539585871,0.4859926918392198,0.22168087697929356,0.2204628501827034,0.20950060901339815,0.023142509135200696,0.08526187576126622,0.0,0.31668696711327665,0.3191230207064552,0.20828258221680884,0.29719853836784377,0.36906211936662614,0.7844092570036537,0.5700365408038975,0.6552984165651639,1.0,0.9244823386114489,0.740560292326431,0.8136419001218026,0.7320341047503042,0.656516443361754,0.6552984165651639,0.35200974421437276,0.4543239951278924,0.4250913520097436,0.8355663824604139,0
0.6504263093788059,0.7478684531059683,0.4433617539585871,0.4859926918392198,0.22168087697929356,0.2204628501827034,0.20950060901339815,0.023142509135200696,0.08526187576126622,0.0,0.31668696711327665,0.3191230207064552,0.20828258221680884,0.29719853836784377,0.36906211936662614,0.7844092570036537,0.5700365408038975,0.6552984165651639,1.0,0.9244823386114489,0.740560292326431,0.8136419001218026,0.7320341047503042,0.656516443361754,0.6552984165651639,0.35200974421437276,0.4543239951278924,0.4250913520097436,0.8355663824604139,0.616321559074299,1
0.7478684531059683,0.4433617539585871,0.4859926918392198,0.22168087697929356,0.2204628501827034,0.20950060901339815,0.023142509135200696,0.08526187576126622,0.0,0.31668696711327665,0.3191230207064552,0.20828258221680884,0.29719853836784377,0.36906211936662614,0.7844092570036537,0.5700365408038975,0.6552984165651639,1.0,0.9244823386114489,0.740560292326431,0.8136419001218026,0.7320341047503042,0.656516443361754,0.6552984165651639,0.35200974421437276,0.4543239951278924,0.4250913520097436,0.8355663824604139,0.616321559074299,0.7076735688185134,1
0.4433617539585871,0.4859926918392198,0.22168087697929356,0.2204628501827034,0.20950060901339815,0.023142509135200696,0.08526187576126622,0.0,0.31668696711327665,0.3191230207064552,0.20828258221680884,0.29719853836784377,0.36906211936662614,0.7844092570036537,0.5700365408038975,0.6552984165651639,1.0,0.9244823386114489,0.740560292326431,0.8136419001218026,0.7320341047503042,0.656516443361754,0.6552984165651639,0.35200974421437276,0.4543239951278924,0.4250913520097436,0.8355663824604139,0.616321559074299,0.7076735688185134,0.9159561510353222,1
0.4859926918392198,0.22168087697929356,0.2204628501827034,0.20950060901339815,0.023142509135200696,0.08526187576126622,0.0,0.31668696711327665,0.3191230207064552,0.20828258221680884,0.29719853836784377,0.36906211936662614,0.7844092570036537,0.5700365408038975,0.6552984165651639,1.0,0.9244823386114489,0.740560292326431,0.8136419001218026,0.7320341047503042,0.656516443361754,0.6552984165651639,0.35200974421437276,0.4543239951278924,0.4250913520097436,0.8355663824604139,0.616321559074299,0.7076735688185134,0.9159561510353222,0.7685749086479896,1
0.14185502727981297,0.14107560405300043,0.13406079501169127,0.014809041309430846,0.05455962587685081,0.0,0.2026500389711615,0.2042088854247855,0.13328137178487928,0.19017926734216664,0.2361652377240843,0.5019485580670303,0.36477007014809043,0.41932969602494125,0.6399064692127827,0.5915822291504285,0.4738893219017926,0.5206547155105222,0.46843335931410746,0.4201091192517538,0.41932969602494125,0.22525331254871403,0.2907248636009351,0.2720187061574431,0.534684333593141,0.3943881527669521,0.45284489477786405,0.5861262665627434,0.491816056118472,1.0,0
0.14107560405300043,0.13406079501169127,0.014809041309430846,0.05455962587685081,0.0,0.2026500389711615,0.2042088854247855,0.13328137178487928,0.19017926734216664,0.2361652377240843,0.5019485580670303,0.36477007014809043,0.41932969602494125,0.6399064692127827,0.5915822291504285,0.4738893219017926,0.5206547155105222,0.46843335931410746,0.4201091192517538,0.41932969602494125,0.22525331254871403,0.2907248636009351,0.2720187061574431,0.534684333593141,0.3943881527669521,0.45284489477786405,0.5861262665627434,0.491816056118472,1.0,0.7614964925954791,1
0.13406079501169127,0.014809041309430846,0.05455962587685081,0.0,0.2026500389711615,0.2042088854247855,0.13328137178487928,0.19017926734216664,0.2361652377240843,0.5019485580670303,0.36477007014809043,0.41932969602494125,0.6399064692127827,0.5915822291504285,0.4738893219017926,0.5206547155105222,0.46843335931410746,0.4201091192517538,0.41932969602494125,0.22525331254871403,0.2907248636009351,0.2720187061574431,0.534684333593141,0.3943881527669521,0.45284489477786405,0.5861262665627434,0.491816056118472,1.0,0.7614964925954791,0.838659392049883,1
0.014809041309430846,0.05455962587685081,0.0,0.2026500389711615,0.2042088854247855,0.13328137178487928,0.19017926734216664,0.2361652377240843,0.5019485580670303,0.36477007014809043,0.41932969602494125,0.6399064692127827,0.5915822291504285,0.4738893219017926,0.5206547155105222,0.46843335931410746,0.4201091192517538,0.41932969602494125,0.22525331254871403,0.2907248636009351,0.2720187061574431,0.534684333593141,0.3943881527669521,0.45284489477786405,0.5861262665627434,0.491816056118472,1.0,0.7614964925954791,0.838659392049883,0.8830865159781761,1
0.03375120540019267,0.0,0.1253616200578593,0.12632594021215035,0.08244937319189977,0.11764705882352933,0.14609450337512064,0.3105110896817743,0.22565091610414661,0.2594021215043393,0.3958534233365479,0.36595949855351967,0.2931533269045323,0.3220829315332691,0.289778206364513,0.25988428158148513,0.2594021215043393,0.13934426229508204,0.1798457087753133,0.16827386692381852,0.3307618129218901,0.24397299903567968,0.2801350048216006,0.36258437801350035,0.3042430086788812,0.6186113789778207,0.47107039537126316,0.5188042430086789,0.5462873674059788,1.0,1
0.0,0.1185050136736555,0.11941659070191421,0.07793983591613496,0.11121239744758422,0.13810391978122158,0.29352780309936183,0.21330902461257978,0.24521422060164066,0.3742023701002736,0.3459434822242478,0.2771194165907019,0.3044667274384686,0.27392889699179573,0.24567000911577033,0.24521422060164066,0.13172288058340934,0.17000911577028247,0.1590701914311757,0.31267092069279856,0.23062898814949845,0.26481312670920676,0.3427529626253417,0.28760255241567895,0.5847766636280766,0.4453053783044666,0.49042844120328166,0.51640838650866,0.9453053783044666,1.0,1
0.04230038022813691,0.04325095057034205,0.0,0.03469581749049415,0.06273764258555135,0.2248098859315588,0.14115969581749044,0.17442965779467656,0.30893536121673004,0.2794676806083648,0.207699619771863,0.23621673003802277,0.20437262357414435,0.17490494296577946,0.17442965779467656,0.056083650190114055,0.09600760456273746,0.08460076045627349,0.24477186311787066,0.15922053231939137,0.194866920152091,0.27614068441064615,0.21863117870722407,0.5285171102661596,0.38307984790874505,0.4301330798479086,0.45722433460076034,0.9044676806083648,0.9615019011406843,1.0,1
0.04128856624319404,0.0,0.03312159709618861,0.05989110707803994,0.21460980036297628,0.1347549909255898,0.16651542649727744,0.29491833030852993,0.26678765880217764,0.1982758620689654,0.22549909255898362,0.1950998185117966,0.16696914700544463,0.16651542649727744,0.05353901996370235,0.0916515426497276,0.08076225045372024,0.23366606170598905,0.1519963702359344,0.1860254083484571,0.26361161524500887,0.20871143375680556,0.5045372050816695,0.36569872958257693,0.410617059891107,0.4364791288566242,0.863430127041742,0.9178765880217785,0.9546279491833031,1.0,1
0.0,0.025233321811268472,0.04562737642585552,0.1634980988593155,0.10266159695817487,0.12685793294158296,0.2246802627030764,0.20324922226062894,0.15105426892499127,0.17179398548219837,0.14863463532665044,0.12720359488420324,0.12685793294158296,0.040788109229173856,0.0698237124092636,0.06152782578638071,0.17801590044936047,0.11579675077773918,0.141721396474248,0.20082958866228812,0.15900449360525387,0.3843760801935706,0.2786035257518146,0.3128240580712063,0.332526788800553,0.6577946768060835,0.6992741099204977,0.7272727272727273,0.761838921534739,1.0,1
0.0,0.013663733209819437,0.09263547938860582,0.05187586845761931,0.06808707735062522,0.13362667901806397,0.11926817971282996,0.08429828624363131,0.09819360815192221,0.0826771653543307,0.06831866604909687,0.06808707735062522,0.01042149143121822,0.029874942102825357,0.024316813339508962,0.10236220472440948,0.06067623899953675,0.07804539138490034,0.11764705882352935,0.08962482630847607,0.24062065771190363,0.16975451597962013,0.1926817971283001,0.20588235294117646,0.42380731820287154,0.4515979620194534,0.47035664659564613,0.49351551644279756,0.6530801296896711,1.0,0
0.00327638661362042,0.08307980341680311,0.041890943131289465,0.0582728761993914,0.12450269131757546,0.10999297917154213,0.0746548092674935,0.08869646618300957,0.07301661596068329,0.058506903814650124,0.0582728761993914,0.0,0.019658319681722356,0.014041656915515897,0.09290896325766437,0.05078399251111618,0.06833606365551122,0.10835478586473192,0.08003744441844124,0.23262344956704883,0.16101099929791704,0.18417973320851852,0.19751930727825875,0.41773929323660175,0.4458226070676339,0.46477884390358054,0.4881816054294406,0.6494266323426163,1.0,0.8357126140884622,0
0.08307980341680311,0.041890943131289465,0.0582728761993914,0.12450269131757546,0.10999297917154213,0.0746548092674935,0.08869646618300957,0.07301661596068329,0.058506903814650124,0.0582728761993914,0.0,0.019658319681722356,0.014041656915515897,0.09290896325766437,0.05078399251111618,0.06833606365551122,0.10835478586473192,0.08003744441844124,0.23262344956704883,0.16101099929791704,0.18417973320851852,0.19751930727825875,0.41773929323660175,0.4458226070676339,0.46477884390358054,0.4881816054294406,0.6494266323426163,1.0,0.8357126140884622,0.7846945939620875,0
0.041890943131289465,0.0582728761993914,0.12450269131757546,0.10999297917154213,0.0746548092674935,0.08869646618300957,0.07301661596068329,0.058506903814650124,0.0582728761993914,0.0,0.019658319681722356,0.014041656915515897,0.09290896325766437,0.05078399251111618,0.06833606365551122,0.10835478586473192,0.08003744441844124,0.23262344956704883,0.16101099929791704,0.18417973320851852,0.19751930727825875,0.41773929323660175,0.4458226070676339,0.46477884390358054,0.4881816054294406,0.6494266323426163,1.0,0.8357126140884622,0.7846945939620875,0.5125204774163349,1
0.0582728761993914,0.12450269131757546,0.10999297917154213,0.0746548092674935,0.08869646618300957,0.07301661596068329,0.058506903814650124,0.0582728761993914,0.0,0.019658319681722356,0.014041656915515897,0.09290896325766437,0.05078399251111618,0.06833606365551122,0.10835478586473192,0.08003744441844124,0.23262344956704883,0.16101099929791704,0.18417973320851852,0.19751930727825875,0.41773929323660175,0.4458226070676339,0.46477884390358054,0.4881816054294406,0.6494266323426163,1.0,0.8357126140884622,0.7846945939620875,0.5125204774163349,0.6548092674935643,1
0.12450269131757546,0.10999297917154213,0.0746548092674935,0.08869646618300957,0.07301661596068329,0.058506903814650124,0.0582728761993914,0.0,0.019658319681722356,0.014041656915515897,0.09290896325766437,0.05078399251111618,0.06833606365551122,0.10835478586473192,0.08003744441844124,0.23262344956704883,0.16101099929791704,0.18417973320851852,0.19751930727825875,0.41773929323660175,0.4458226070676339,0.46477884390358054,0.4881816054294406,0.6494266323426163,1.0,0.8357126140884622,0.7846945939620875,0.5125204774163349,0.6548092674935643,0.8612216241516497,0
0.10999297917154213,0.0746548092674935,0.08869646618300957,0.07301661596068329,0.058506903814650124,0.0582728761993914,0.0,0.019658319681722356,0.014041656915515897,0.09290896325766437,0.05078399251111618,0.06833606365551122,0.10835478586473192,0.08003744441844124,0.23262344956704883,0.16101099929791704,0.18417973320851852,0.19751930727825875,0.41773929323660175,0.4458226070676339,0.46477884390358054,0.4881816054294406,0.6494266323426163,1.0,0.8357126140884622,0.7846945939620875,0.5125204774163349,0.6548092674935643,0.8612216241516497,0.823075122864498,0
0.0746548092674935,0.08869646618300957,0.07301661596068329,0.058506903814650124,0.0582728761993914,0.0,0.019658319681722356,0.014041656915515897,0.09290896325766437,0.05078399251111618,0.06833606365551122,0.10835478586473192,0.08003744441844124,0.23262344956704883,0.16101099929791704,0.18417973320851852,0.19751930727825875,0.41773929323660175,0.4458226070676339,0.46477884390358054,0.4881816054294406,0.6494266323426163,1.0,0.8357126140884622,0.7846945939620875,0.5125204774163349,0.6548092674935643,0.8612216241516497,0.823075122864498,0.5728996021530541,0
0.08869646618300957,0.07301661596068329,0.058506903814650124,0.0582728761993914,0.0,0.019658319681722356,0.014041656915515897,0.09290896325766437,0.05078399251111618,0.06833606365551122,0.10835478586473192,0.08003744441844124,0.23262344956704883,0.16101099929791704,0.18417973320851852,0.19751930727825875,0.41773929323660175,0.4458226070676339,0.46477884390358054,0.4881816054294406,0.6494266323426163,1.0,0.8357126140884622,0.7846945939620875,0.5125204774163349,0.6548092674935643,0.8612216241516497,0.823075122864498,0.5728996021530541,0.5312426866370232,0
0.07301661596068329,0.058506903814650124,0.0582728761993914,0.0,0.019658319681722356,0.014041656915515897,0.09290896325766437,0.05078399251111618,0.06833606365551122,0.10835478586473192,0.08003744441844124,0.23262344956704883,0.16101099929791704,0.18417973320851852,0.19751930727825875,0.41773929323660175,0.4458226070676339,0.46477884390358054,0.4881816054294406,0.6494266323426163,1.0,0.8357126140884622,0.7846945939620875,0.5125204774163349,0.6548092674935643,0.8612216241516497,0.823075122864498,0.5728996021530541,0.5312426866370232,0.4282705359232388,1
0.058506903814650124,0.0582728761993914,0.0,0.019658319681722356,0.014041656915515897,0.09290896325766437,0.05078399251111618,0.06833606365551122,0.10835478586473192,0.08003744441844124,0.23262344956704883,0.16101099929791704,0.18417973320851852,0.19751930727825875,0.41773929323660175,0.4458226070676339,0.46477884390358054,0.4881816054294406,0.6494266323426163,1.0,0.8357126140884622,0.7846945939620875,0.5125204774163349,0.6548092674935643,0.8612216241516497,0.823075122864498,0.5728996021530541,0.5312426866370232,0.4282705359232388,0.531944769482799,0
0.0582728761993914,0.0,0.019658319681722356,0.014041656915515897,0.09290896325766437,0.05078399251111618,0.06833606365551122,0.10835478586473192,0.08003744441844124,0.23262344956704883,0.16101099929791704,0.18417973320851852,0.19751930727825875,0.41773929323660175,0.4458226070676339,0.46477884390358054,0.4881816054294406,0.6494266323426163,1.0,0.8357126140884622,0.7846945939620875,0.5125204774163349,0.6548092674935643,0.8612216241516497,0.823075122864498,0.5728996021530541,0.5312426866370232,0.4282705359232388,0.531944769482799,0.4895857711209923,0
0.0,0.019658319681722356,0.014041656915515897,0.09290896325766437,0.05078399251111618,0.06833606365551122,0.10835478586473192,0.08003744441844124,0.23262344956704883,0.16101099929791704,0.18417973320851852,0.19751930727825875,0.41773929323660175,0.4458226070676339,0.46477884390358054,0.4881816054294406,0.6494266323426163,1.0,0.8357126140884622,0.7846945939620875,0.5125204774163349,0.6548092674935643,0.8612216241516497,0.823075122864498,0.5728996021530541,0.5312426866370232,0.4282705359232388,0.531944769482799,0.4895857711209923,0.431078867306342,0
0.05780476833108412,0.05240665766981552,0.12820512820512825,0.08771929824561399,0.10458839406207822,0.1430499325236167,0.11583445793972104,0.2624831309041835,0.1936572199730094,0.21592442645074222,0.22874493927125505,0.4403958614484929,0.4673864147548357,0.48560503823661716,0.5080971659919028,0.6630679262258209,1.0,0.8421052631578946,0.793072424651372,0.5314889788573998,0.6682411156095367,0.866621682411156,0.8299595141700404,0.589518668466037,0.5494826810616285,0.4505173189383715,0.5501574448942871,0.5094466936572201,0.45321637426900574,0.0,1
0.05240665766981552,0.12820512820512825,0.08771929824561399,0.10458839406207822,0.1430499325236167,0.11583445793972104,0.2624831309041835,0.1936572199730094,0.21592442645074222,0.22874493927125505,0.4403958614484929,0.4673864147548357,0.48560503823661716,0.5080971659919028,0.6630679262258209,1.0,0.8421052631578946,0.793072424651372,0.5314889788573998,0.6682411156095367,0.866621682411156,0.8299595141700404,0.589518668466037,0.5494826810616285,0.4505173189383715,0.5501574448942871,0.5094466936572201,0.45321637426900574,0.0,0.14912280701754388,1
0.12820512820512825,0.08771929824561399,0.10458839406207822,0.1430499325236167,0.11583445793972104,0.2624831309041835,0.1936572199730094,0.21592442645074222,0.22874493927125505,0.4403958614484929,0.4673864147548357,0.48560503823661716,0.5080971659919028,0.6630679262258209,1.0,0.8421052631578946,0.793072424651372,0.5314889788573998,0.6682411156095367,0.866621682411156,0.8299595141700404,0.589518668466037,0.5494826810616285,0.4505173189383715,0.5501574448942871,0.5094466936572201,0.45321637426900574,0.0,0.14912280701754388,0.15024741340530812,1
0.08771929824561399,0.10458839406207822,0.1430499325236167,0.11583445793972104,0.2624831309041835,0.1936572199730094,0.21592442645074222,0.22874493927125505,0.4403958614484929,0.4673864147548357,0.48560503823661716,0.5080971659919028,0.6630679262258209,1.0,0.8421052631578946,0.793072424651372,0.5314889788573998,0.6682411156095367,0.866621682411156,0.8299595141700404,0.589518668466037,0.5494826810616285,0.4505173189383715,0.5501574448942871,0.5094466936572201,0.45321637426900574,0.0,0.14912280701754388,0.15024741340530812,0.1554206027890239,1
0.10458839406207822,0.1430499325236167,0.11583445793972104,0.2624831309041835,0.1936572199730094,0.21592442645074222,0.22874493927125505,0.4403958614484929,0.4673864147548357,0.48560503823661716,0.5080971659919028,0.6630679262258209,1.0,0.8421052631578946,0.793072424651372,0.5314889788573998,0.6682411156095367,0.866621682411156,0.8299595141700404,0.589518668466037,0.5494826810616285,0.4505173189383715,0.5501574448942871,0.5094466936572201,0.45321637426900574,0.0,0.14912280701754388,0.15024741340530812,0.1554206027890239,0.31376518218623484,0
0.1430499325236167,0.11583445793972104,0.2624831309041835,0.1936572199730094,0.21592442645074222,0.22874493927125505,0.4403958614484929,0.4673864147548357,0.48560503823661716,0.5080971659919028,0.6630679262258209,1.0,0.8421052631578946,0.793072424651372,0.5314889788573998,0.6682411156095367,0.866621682411156,0.8299595141700404,0.589518668466037,0.5494826810616285,0.4505173189383715,0.5501574448942871,0.5094466936572201,0.45321637426900574,0.0,0.14912280701754388,0.15024741340530812,0.1554206027890239,0.31376518218623484,0.2532613585245165,0
0.11583445793972104,0.2624831309041835,0.1936572199730094,0.21592442645074222,0.22874493927125505,0.4403958614484929,0.4673864147548357,0.48560503823661716,0.5080971659919028,0.6630679262258209,1.0,0.8421052631578946,0.793072424651372,0.5314889788573998,0.6682411156095367,0.866621682411156,0.8299595141700404,0.589518668466037,0.5494826810616285,0.4505173189383715,0.5501574448942871,0.5094466936572201,0.45321637426900574,0.0,0.14912280701754388,0.15024741340530812,0.1554206027890239,0.31376518218623484,0.2532613585245165,0.22829509671614928,0
0.2624831309041835,0.1936572199730094,0.21592442645074222,0.22874493927125505,0.4403958614484929,0.4673864147548357,0.48560503823661716,0.5080971659919028,0.6630679262258209,1.0,0.8421052631578946,0.793072424651372,0.5314889788573998,0.6682411156095367,0.866621682411156,0.8299595141700404,0.589518668466037,0.5494826810616285,0.4505173189383715,0.5501574448942871,0.5094466936572201,0.45321637426900574,0.0,0.14912280701754388,0.15024741340530812,0.1554206027890239,0.31376518218623484,0.2532613585245165,0.22829509671614928,0.11313540260908682,1
0.1936572199730094,0.21592442645074222,0.22874493927125505,0.4403958614484929,0.4673864147548357,0.48560503823661716,0.5080971659919028,0.6630679262258209,1.0,0.8421052631578946,0.793072424651372,0.5314889788573998,0.6682411156095367,0.866621682411156,0.8299595141700404,0.589518668466037,0.5494826810616285,0.4505173189383715,0.5501574448942871,0.5094466936572201,0.45321637426900574,0.0,0.14912280701754388,0.15024741340530812,0.1554206027890239,0.31376518218623484,0.2532613585245165,0.22829509671614928,0.11313540260908682,0.14642375168690966,1
0.21592442645074222,0.22874493927125505,0.4403958614484929,0.4673864147548357,0.48560503823661716,0.5080971659919028,0.6630679262258209,1.0,0.8421052631578946,0.793072424651372,0.5314889788573998,0.6682411156095367,0.866621682411156,0.8299595141700404,0.589518668466037,0.5494826810616285,0.4505173189383715,0.5501574448942871,0.5094466936572201,0.45321637426900574,0.0,0.14912280701754388,0.15024741340530812,0.1554206027890239,0.31376518218623484,0.2532613585245165,0.22829509671614928,0.11313540260908682,0.14642375168690966,0.17296446243814673,1
0.22874493927125505,0.4403958614484929,0.4673864147548357,0.48560503823661716,0.5080971659919028,0.6630679262258209,1.0,0.8421052631578946,0.793072424651372,0.5314889788573998,0.6682411156095367,0.866621682411156,0.8299595141700404,0.589518668466037,0.5494826810616285,0.4505173189383715,0.5501574448942871,0.5094466936572201,0.45321637426900574,0.0,0.14912280701754388,0.15024741340530812,0.1554206027890239,0.31376518218623484,0.2532613585245165,0.22829509671614928,0.11313540260908682,0.14642375168690966,0.17296446243814673,0.13585245164192528,1
0.4403958614484929,0.4673864147548357,0.48560503823661716,0.5080971659919028,0.6630679262258209,1.0,0.8421052631578946,0.793072424651372,0.5314889788573998,0.6682411156095367,0.866621682411156,0.8299595141700404,0.589518668466037,0.5494826810616285,0.4505173189383715,0.5501574448942871,0.5094466936572201,0.45321637426900574,0.0,0.14912280701754388,0.15024741340530812,0.1554206027890239,0.31376518218623484,0.2532613585245165,0.22829509671614928,0.11313540260908682,0.14642375168690966,0.17296446243814673,0.13585245164192528,0.22492127755285646,1
0.4673864147548357,0.48560503823661716,0.5080971659919028,0.6630679262258209,1.0,0.8421052631578946,0.793072424651372,0.5314889788573998,0.6682411156095367,0.866621682411156,0.8299595141700404,0.589518668466037,0.5494826810616285,0.4505173189383715,0.5501574448942871,0.5094466936572201,0.45321637426900574,0.0,0.14912280701754388,0.15024741340530812,0.1554206027890239,0.31376518218623484,0.2532613585245165,0.22829509671614928,0.11313540260908682,0.14642375168690966,0.17296446243814673,0.13585245164192528,0.22492127755285646,0.22424651372019785,1
0.48560503823661716,0.5080971659919028,0.6630679262258209,1.0,0.8421052631578946,0.793072424651372,0.5314889788573998,0.6682411156095367,0.866621682411156,0.8299595141700404,0.589518668466037,0.5494826810616285,0.4505173189383715,0.5501574448942871,0.5094466936572201,0.45321637426900574,0.0,0.14912280701754388,0.15024741340530812,0.1554206027890239,0.31376518218623484,0.2532613585245165,0.22829509671614928,0.11313540260908682,0.14642375168690966,0.17296446243814673,0.13585245164192528,0.22492127755285646,0.22424651372019785,0.33063427800269907,0
0.5080971659919028,0.6630679262258209,1.0,0.8421052631578946,0.793072424651372,0.5314889788573998,0.6682411156095367,0.866621682411156,0.8299595141700404,0.589518668466037,0.5494826810616285,0.4505173189383715,0.5501574448942871,0.5094466936572201,0.45321637426900574,0.0,0.14912280701754388,0.15024741340530812,0.1554206027890239,0.31376518218623484,0.2532613585245165,0.22829509671614928,0.11313540260908682,0.14642375168690966,0.17296446243814673,0.13585245164192528,0.22492127755285646,0.22424651372019785,0.33063427800269907,0.28137651821862353,0
0.6630679262258209,1.0,0.8421052631578946,0.793072424651372,0.5314889788573998,0.6682411156095367,0.866621682411156,0.8299595141700404,0.589518668466037,0.5494826810616285,0.4505173189383715,0.5501574448942871,0.5094466936572201,0.45321637426900574,0.0,0.14912280701754388,0.15024741340530812,0.1554206027890239,0.31376518218623484,0.2532613585245165,0.22829509671614928,0.11313540260908682,0.14642375168690966,0.17296446243814673,0.13585245164192528,0.22492127755285646,0.22424651372019785,0.33063427800269907,0.28137651821862353,0.2483130904183535,1
1.0,0.8421052631578946,0.793072424651372,0.5314889788573998,0.6682411156095367,0.866621682411156,0.8299595141700404,0.589518668466037,0.5494826810616285,0.4505173189383715,0.5501574448942871,0.5094466936572201,0.45321637426900574,0.0,0.14912280701754388,0.15024741340530812,0.1554206027890239,0.31376518218623484,0.2532613585245165,0.22829509671614928,0.11313540260908682,0.14642375168690966,0.17296446243814673,0.13585245164192528,0.22492127755285646,0.22424651372019785,0.33063427800269907,0.28137651821862353,0.2483130904183535,0.3049932523616734,0
0.9717103555670905,0.9151310667012719,0.6132883467427976,0.7710874643135222,1.0,0.9576953023617961,0.6802491565014277,0.6340513885284196,0.5198546587075007,0.6348300025953804,0.5878536205554115,0.5229691149753438,0.0,0.17207370879833903,0.1733713989099403,0.1793407734233066,0.3620555411367766,0.29223981313262404,0.2634310926550739,0.1305476252270958,0.16895925253049585,0.19958473916428768,0.156760965481443,0.2595380223202699,0.25875940825330906,0.3815208928107968,0.3246820659226578,0.286529976641578,0.3519335582662861,0.33636127692706985,0
0.9151310667012719,0.6132883467427976,0.7710874643135222,1.0,0.9576953023617961,0.6802491565014277,0.6340513885284196,0.5198546587075007,0.6348300025953804,0.5878536205554115,0.5229691149753438,0.0,0.17207370879833903,0.1733713989099403,0.1793407734233066,0.3620555411367766,0.29223981313262404,0.2634310926550739,0.1305476252270958,0.16895925253049585,0.19958473916428768,0.156760965481443,0.2595380223202699,0.25875940825330906,0.3815208928107968,0.3246820659226578,0.286529976641578,0.3519335582662861,0.33636127692706985,0.3062548663379186,0
0.6132883467427976,0.7710874643135222,1.0,0.9576953023617961,0.6802491565014277,0.6340513885284196,0.5198546587075007,0.6348300025953804,0.5878536205554115,0.5229691149753438,0.0,0.17207370879833903,0.1733713989099403,0.1793407734233066,0.3620555411367766,0.29223981313262404,0.2634310926550739,0.1305476252270958,0.16895925253049585,0.19958473916428768,0.156760965481443,0.2595380223202699,0.25875940825330906,0.3815208928107968,0.3246820659226578,0.286529976641578,0.3519335582662861,0.33636127692706985,0.3062548663379186,0.2795224500389308,0
0.7710874643135222,1.0,0.9576953023617961,0.6802491565014277,0.6340513885284196,0.5198546587075007,0.6348300025953804,0.5878536205554115,0.5229691149753438,0.0,0.17207370879833903,0.1733713989099403,0.1793407734233066,0.3620555411367766,0.29223981313262404,0.2634310926550739,0.1305476252270958,0.16895925253049585,0.19958473916428768,0.156760965481443,0.2595380223202699,0.25875940825330906,0.3815208928107968,0.3246820659226578,0.286529976641578,0.3519335582662861,0.33636127692706985,0.3062548663379186,0.2795224500389308,0.25486633791850505,1
1.0,0.9576953023617961,0.6802491565014277,0.6340513885284196,0.5198546587075007,0.6348300025953804,0.5878536205554115,0.5229691149753438,0.0,0.17207370879833903,0.1733713989099403,0.1793407734233066,0.3620555411367766,0.29223981313262404,0.2634310926550739,0.1305476252270958,0.16895925253049585,0.19958473916428768,0.156760965481443,0.2595380223202699,0.25875940825330906,0.3815208928107968,0.3246820659226578,0.286529976641578,0.3519335582662861,0.33636127692706985,0.3062548663379186,0.2795224500389308,0.25486633791850505,0.2618738645211524,1
1.0,0.7102981029810299,0.662059620596206,0.5428184281842818,0.6628726287262874,0.6138211382113822,0.546070460704607,0.0,0.17967479674796752,0.18102981029810294,0.18726287262872635,0.3780487804878049,0.305149051490515,0.2750677506775067,0.13631436314363143,0.1764227642276424,0.2084010840108402,0.16368563685636853,0.27100271002710025,0.2701897018970189,0.3983739837398374,0.3390243902439025,0.29918699186991865,0.367479674796748,0.35121951219512193,0.3197831978319784,0.29186991869918705,0.26612466124661244,0.2734417344173442,0.2856368563685636,1
1.0,0.9320869896985883,0.7642121327737503,0.9332315909958031,0.8641739793971766,0.7687905379626094,0.0,0.2529568866844716,0.25486455551316284,0.26363983212514314,0.5322396032048836,0.42960702022128966,0.3872567722243417,0.1919114841663487,0.24837848149561248,0.2933994658527281,0.23044639450591367,0.3815337657382677,0.38038916444105286,0.5608546356352536,0.4772987409385731,0.42121327737504755,0.5173597863410911,0.494467760396795,0.45020984357115607,0.41091186570011445,0.37466615795497893,0.38496756962991224,0.40213658908813416,0.4196871423120945,0
0.9987735077677841,0.8188879803761241,1.0,0.9260016353229762,0.8237939493049874,0.0,0.27105478331970567,0.2730989370400653,0.28250204415372043,0.5703188879803761,0.4603434178250205,0.4149632052330333,0.20564186426819295,0.2661488143908423,0.3143908421913329,0.24693376941946024,0.4088307440719541,0.4076042518397382,0.6009811937857726,0.5114472608340147,0.45134914145543725,0.5543744889615698,0.5298446443172525,0.482420278004906,0.44031071136549466,0.4014717906786589,0.4125102207686018,0.43090760425183955,0.4497138184791495,0.472608340147179,0
0.8188879803761241,1.0,0.9260016353229762,0.8237939493049874,0.0,0.27105478331970567,0.2730989370400653,0.28250204415372043,0.5703188879803761,0.4603434178250205,0.4149632052330333,0.20564186426819295,0.2661488143908423,0.3143908421913329,0.24693376941946024,0.4088307440719541,0.4076042518397382,0.6009811937857726,0.5114472608340147,0.45134914145543725,0.5543744889615698,0.5298446443172525,0.482420278004906,0.44031071136549466,0.4014717906786589,0.4125102207686018,0.43090760425183955,0.4497138184791495,0.472608340147179,0.35077677841373656,1
1.0,0.9260016353229762,0.8237939493049874,0.0,0.27105478331970567,0.2730989370400653,0.28250204415372043,0.5703188879803761,0.4603434178250205,0.4149632052330333,0.20564186426819295,0.2661488143908423,0.3143908421913329,0.24693376941946024,0.4088307440719541,0.4076042518397382,0.6009811937857726,0.5114472608340147,0.45134914145543725,0.5543744889615698,0.5298446443172525,0.482420278004906,0.44031071136549466,0.4014717906786589,0.4125102207686018,0.43090760425183955,0.4497138184791495,0.472608340147179,0.35077677841373656,0.3736713000817661,1
1.0,0.8896247240618099,0.0,0.2927152317880795,0.2949227373068432,0.3050772626931568,0.6158940397350993,0.49713024282560714,0.4481236203090506,0.22207505518763795,0.2874172185430465,0.3395143487858721,0.26666666666666655,0.44150110375275925,0.4401766004415009,0.6490066225165563,0.5523178807947021,0.4874172185430462,0.5986754966887416,0.5721854304635761,0.5209713024282562,0.47549668874172185,0.4335540838852096,0.44547461368653424,0.46534216335540823,0.4856512141280352,0.5103752759381898,0.37880794701986736,0.403532008830022,0.411037527593819,1
1.0,0.0,0.3290322580645163,0.33151364764267993,0.34292803970223346,0.6923076923076925,0.5588089330024817,0.5037220843672456,0.2496277915632755,0.3230769230769234,0.38163771712158834,0.2997518610421836,0.49627791563275436,0.4947890818858561,0.7295285359801491,0.620843672456576,0.5478908188585608,0.672952853598015,0.6431761786600497,0.5856079404466504,0.5344913151364766,0.4873449131513648,0.5007444168734493,0.5230769230769231,0.5459057071960298,0.5736972704714641,0.42580645161290315,0.4535980148883375,0.46203473945409446,0.9196029776674939,1
0.0,0.3577981651376148,0.3604964921748516,0.37290879654614156,0.7528332433890988,0.6076632487857531,0.5477603885590933,0.2714516999460335,0.35132218024824635,0.41500269832703746,0.32595790609821906,0.5396654074473826,0.5380464112250404,0.7933081489476526,0.6751214247166759,0.5957906098219103,0.7317862924986509,0.6994063680518079,0.6368051807879117,0.5812196438208312,0.5299514301133297,0.5445223961144092,0.5688073394495412,0.5936319481921208,0.6238532110091743,0.46303291958985415,0.4932541824069077,0.5024284943335133,1.0,0.963302752293578,1
0.09227220299884666,0.09515570934256046,0.10841983852364488,0.5144175317185697,0.3592848904267591,0.2952710495963089,0.0,0.08535178777393332,0.15340253748558266,0.05824682814302179,0.2866205305651671,0.28489042675893866,0.5576701268742791,0.431372549019608,0.34659746251441736,0.4919261822376009,0.45732410611303337,0.39042675893886974,0.3310265282583622,0.2762399077277969,0.29181084198385243,0.31776239907727777,0.34429065743944626,0.37658592848904265,0.20472895040369068,0.2370242214532871,0.24682814302191466,0.778546712802768,0.7393310265282582,1.0,1
0.08748674443266165,0.09968186638388137,0.47295864262990467,0.33032873806998964,0.2714740190880168,0.0,0.07847295864263011,0.1410392364793215,0.053552492046659496,0.2635206786850477,0.26193001060445376,0.512725344644751,0.3966065747614,0.3186638388123011,0.4522799575821846,0.4204665959703075,0.35896076352067885,0.30434782608695665,0.25397667020148457,0.2682926829268294,0.2921527041357369,0.316542948038176,0.34623541887592796,0.18822905620360536,0.21792152704135734,0.22693531283138926,0.7158006362672322,0.679745493107105,0.9194061505832452,1.0,0
0.09968186638388137,0.47295864262990467,0.33032873806998964,0.2714740190880168,0.0,0.07847295864263011,0.1410392364793215,0.053552492046659496,0.2635206786850477,0.26193001060445376,0.512725344644751,0.3966065747614,0.3186638388123011,0.4522799575821846,0.4204665959703075,0.35896076352067885,0.30434782608695665,0.25397667020148457,0.2682926829268294,0.2921527041357369,0.316542948038176,0.34623541887592796,0.18822905620360536,0.21792152704135734,0.22693531283138926,0.7158006362672322,0.679745493107105,0.9194061505832452,1.0,0.9549310710498412,0
0.47295864262990467,0.33032873806998964,0.2714740190880168,0.0,0.07847295864263011,0.1410392364793215,0.053552492046659496,0.2635206786850477,0.26193001060445376,0.512725344644751,0.3966065747614,0.3186638388123011,0.4522799575821846,0.4204665959703075,0.35896076352067885,0.30434782608695665,0.25397667020148457,0.2682926829268294,0.2921527041357369,0.316542948038176,0.34623541887592796,0.18822905620360536,0.21792152704135734,0.22693531283138926,0.7158006362672322,0.679745493107105,0.9194061505832452,1.0,0.9549310710498412,0.6823966065747613,1
0.33032873806998964,0.2714740190880168,0.0,0.07847295864263011,0.1410392364793215,0.053552492046659496,0.2635206786850477,0.26193001060445376,0.512725344644751,0.3966065747614,0.3186638388123011,0.4522799575821846,0.4204665959703075,0.35896076352067885,0.30434782608695665,0.25397667020148457,0.2682926829268294,0.2921527041357369,0.316542948038176,0.34623541887592796,0.18822905620360536,0.21792152704135734,0.22693531283138926,0.7158006362672322,0.679745493107105,0.9194061505832452,1.0,0.9549310710498412,0.6823966065747613,0.7486744432661717,0
0.2714740190880168,0.0,0.07847295864263011,0.1410392364793215,0.053552492046659496,0.2635206786850477,0.26193001060445376,0.512725344644751,0.3966065747614,0.3186638388123011,0.4522799575821846,0.4204665959703075,0.35896076352067885,0.30434782608695665,0.25397667020148457,0.2682926829268294,0.2921527041357369,0.316542948038176,0.34623541887592796,0.18822905620360536,0.21792152704135734,0.22693531283138926,0.7158006362672322,0.679745493107105,0.9194061505832452,1.0,0.9549310710498412,0.6823966065747613,0.7486744432661717,0.6961823966065749,0
0.0,0.07847295864263011,0.1410392364793215,0.053552492046659496,0.2635206786850477,0.26193001060445376,0.512725344644751,0.3966065747614,0.3186638388123011,0.4522799575821846,0.4204665959703075,0.35896076352067885,0.30434782608695665,0.25397667020148457,0.2682926829268294,0.2921527041357369,0.316542948038176,0.34623541887592796,0.18822905620360536,0.21792152704135734,0.22693531283138926,0.7158006362672322,0.679745493107105,0.9194061505832452,1.0,0.9549310710498412,0.6823966065747613,0.7486744432661717,0.6961823966065749,0.7274655355249204,0
0.026330532212885487,0.09243697478991628,0.0,0.22184873949579834,0.22016806722689072,0.48515406162465,0.3624649859943981,0.2801120448179272,0.42128851540616263,0.38767507002801127,0.32268907563025234,0.26498599439775933,0.211764705882353,0.22689075630252123,0.25210084033613445,0.27787114845938377,0.3092436974789918,0.14229691876750694,0.17366946778711492,0.18319327731092452,0.6997198879551821,0.6616246498599441,0.9148459383753503,1.0,0.9523809523809527,0.6644257703081231,0.734453781512605,0.6789915966386557,0.7120448179271709,0.5927170868347341,0
0.09243697478991628,0.0,0.22184873949579834,0.22016806722689072,0.48515406162465,0.3624649859943981,0.2801120448179272,0.42128851540616263,0.38767507002801127,0.32268907563025234,0.26498599439775933,0.211764705882353,0.22689075630252123,0.25210084033613445,0.27787114845938377,0.3092436974789918,0.14229691876750694,0.17366946778711492,0.18319327731092452,0.6997198879551821,0.6616246498599441,0.9148459383753503,1.0,0.9523809523809527,0.6644257703081231,0.734453781512605,0.6789915966386557,0.7120448179271709,0.5927170868347341,0.5148459383753504,0
0.0,0.22184873949579834,0.22016806722689072,0.48515406162465,0.3624649859943981,0.2801120448179272,0.42128851540616263,0.38767507002801127,0.32268907563025234,0.26498599439775933,0.211764705882353,0.22689075630252123,0.25210084033613445,0.27787114845938377,0.3092436974789918,0.14229691876750694,0.17366946778711492,0.18319327731092452,0.6997198879551821,0.6616246498599441,0.9148459383753503,1.0,0.9523809523809527,0.6644257703081231,0.734453781512605,0.6789915966386557,0.7120448179271709,0.5927170868347341,0.5148459383753504,0.4089635854341739,1
0.09274983670803406,0.09079033311561073,0.3997387328543438,0.2566949706074465,0.16067929457870675,0.32527759634226017,0.28608752449379504,0.21032005225342948,0.14304376224689774,0.08099281515349456,0.09862834748530404,0.12802090137165256,0.15806662312214248,0.19464402351404334,0.0,0.03657740039190086,0.0476812540822994,0.649902024820379,0.6054866100587852,0.9007184846505555,1.0,0.9444807315480083,0.6087524493794905,0.690398432397126,0.625734813847159,0.6642717178314828,0.5251469627694321,0.4343566296538213,0.3109079033311564,0.3788373612018291,1
0.09079033311561073,0.3997387328543438,0.2566949706074465,0.16067929457870675,0.32527759634226017,0.28608752449379504,0.21032005225342948,0.14304376224689774,0.08099281515349456,0.09862834748530404,0.12802090137165256,0.15806662312214248,0.19464402351404334,0.0,0.03657740039190086,0.0476812540822994,0.649902024820379,0.6054866100587852,0.9007184846505555,1.0,0.9444807315480083,0.6087524493794905,0.690398432397126,0.625734813847159,0.6642717178314828,0.5251469627694321,0.4343566296538213,0.3109079033311564,0.3788373612018291,0.4134552580013066,0
0.3997387328543438,0.2566949706074465,0.16067929457870675,0.32527759634226017,0.28608752449379504,0.21032005225342948,0.14304376224689774,0.08099281515349456,0.09862834748530404,0.12802090137165256,0.15806662312214248,0.19464402351404334,0.0,0.03657740039190086,0.0476812540822994,0.649902024820379,0.6054866100587852,0.9007184846505555,1.0,0.9444807315480083,0.6087524493794905,0.690398432397126,0.625734813847159,0.6642717178314828,0.5251469627694321,0.4343566296538213,0.3109079033311564,0.3788373612018291,0.4134552580013066,0.3644676681907253,0
0.2566949706074465,0.16067929457870675,0.32527759634226017,0.28608752449379504,0.21032005225342948,0.14304376224689774,0.08099281515349456,0.09862834748530404,0.12802090137165256,0.15806662312214248,0.19464402351404334,0.0,0.03657740039190086,0.0476812540822994,0.649902024820379,0.6054866100587852,0.9007184846505555,1.0,0.9444807315480083,0.6087524493794905,0.690398432397126,0.625734813847159,0.6642717178314828,0.5251469627694321,0.4343566296538213,0.3109079033311564,0.3788373612018291,0.4134552580013066,0.3644676681907253,0.3376877857609406,1
0.16067929457870675,0.32527759634226017,0.28608752449379504,0.21032005225342948,0.14304376224689774,0.08099281515349456,0.09862834748530404,0.12802090137165256,0.15806662312214248,0.19464402351404334,0.0,0.03657740039190086,0.0476812540822994,0.649902024820379,0.6054866100587852,0.9007184846505555,1.0,0.9444807315480083,0.6087524493794905,0.690398432397126,0.625734813847159,0.6642717178314828,0.5251469627694321,0.4343566296538213,0.3109079033311564,0.3788373612018291,0.4134552580013066,0.3644676681907253,0.3376877857609406,0.2958850424559112,1
0.32527759634226017,0.28608752449379504,0.21032005225342948,0.14304376224689774,0.08099281515349456,0.09862834748530404,0.12802090137165256,0.15806662312214248,0.19464402351404334,0.0,0.03657740039190086,0.0476812540822994,0.649902024820379,0.6054866100587852,0.9007184846505555,1.0,0.9444807315480083,0.6087524493794905,0.690398432397126,0.625734813847159,0.6642717178314828,0.5251469627694321,0.4343566296538213,0.3109079033311564,0.3788373612018291,0.4134552580013066,0.3644676681907253,0.3376877857609406,0.2958850424559112,0.45395166557805366,0
0.28608752449379504,0.21032005225342948,0.14304376224689774,0.08099281515349456,0.09862834748530404,0.12802090137165256,0.15806662312214248,0.19464402351404334,0.0,0.03657740039190086,0.0476812540822994,0.649902024820379,0.6054866100587852,0.9007184846505555,1.0,0.9444807315480083,0.6087524493794905,0.690398432397126,0.625734813847159,0.6642717178314828,0.5251469627694321,0.4343566296538213,0.3109079033311564,0.3788373612018291,0.4134552580013066,0.3644676681907253,0.3376877857609406,0.2958850424559112,0.45395166557805366,0.4069235793598957,0
0.21032005225342948,0.14304376224689774,0.08099281515349456,0.09862834748530404,0.12802090137165256,0.15806662312214248,0.19464402351404334,0.0,0.03657740039190086,0.0476812540822994,0.649902024820379,0.6054866100587852,0.9007184846505555,1.0,0.9444807315480083,0.6087524493794905,0.690398432397126,0.625734813847159,0.6642717178314828,0.5251469627694321,0.4343566296538213,0.3109079033311564,0.3788373612018291,0.4134552580013066,0.3644676681907253,0.3376877857609406,0.2958850424559112,0.45395166557805366,0.4069235793598957,0.3651208360548663,0
0.14304376224689774,0.08099281515349456,0.09862834748530404,0.12802090137165256,0.15806662312214248,0.19464402351404334,0.0,0.03657740039190086,0.0476812540822994,0.649902024820379,0.6054866100587852,0.9007184846505555,1.0,0.9444807315480083,0.6087524493794905,0.690398432397126,0.625734813847159,0.6642717178314828,0.5251469627694321,0.4343566296538213,0.3109079033311564,0.3788373612018291,0.4134552580013066,0.3644676681907253,0.3376877857609406,0.2958850424559112,0.45395166557805366,0.4069235793598957,0.3651208360548663,0.19725669497060763,1
0.08099281515349456,0.09862834748530404,0.12802090137165256,0.15806662312214248,0.19464402351404334,0.0,0.03657740039190086,0.0476812540822994,0.649902024820379,0.6054866100587852,0.9007184846505555,1.0,0.9444807315480083,0.6087524493794905,0.690398432397126,0.625734813847159,0.6642717178314828,0.5251469627694321,0.4343566296538213,0.3109079033311564,0.3788373612018291,0.4134552580013066,0.3644676681907253,0.3376877857609406,0.2958850424559112,0.45395166557805366,0.4069235793598957,0.3651208360548663,0.19725669497060763,0.2991508817766169,1
0.09862834748530404,0.12802090137165256,0.15806662312214248,0.19464402351404334,0.0,0.03657740039190086,0.0476812540822994,0.649902024820379,0.6054866100587852,0.9007184846505555,1.0,0.9444807315480083,0.6087524493794905,0.690398432397126,0.625734813847159,0.6642717178314828,0.5251469627694321,0.4343566296538213,0.3109079033311564,0.3788373612018291,0.4134552580013066,0.3644676681907253,0.3376877857609406,0.2958850424559112,0.45395166557805366,0.4069235793598957,0.3651208360548663,0.19725669497060763,0.2991508817766169,0.3932070542129329,0
0.12802090137165256,0.15806662312214248,0.19464402351404334,0.0,0.03657740039190086,0.0476812540822994,0.649902024820379,0.6054866100587852,0.9007184846505555,1.0,0.9444807315480083,0.6087524493794905,0.690398432397126,0.625734813847159,0.6642717178314828,0.5251469627694321,0.4343566296538213,0.3109079033311564,0.3788373612018291,0.4134552580013066,0.3644676681907253,0.3376877857609406,0.2958850424559112,0.45395166557805366,0.4069235793598957,0.3651208360548663,0.19725669497060763,0.2991508817766169,0.3932070542129329,0.31874591770084926,0
0.15806662312214248,0.19464402351404334,0.0,0.03657740039190086,0.0476812540822994,0.649902024820379,0.6054866100587852,0.9007184846505555,1.0,0.9444807315480083,0.6087524493794905,0.690398432397126,0.625734813847159,0.6642717178314828,0.5251469627694321,0.4343566296538213,0.3109079033311564,0.3788373612018291,0.4134552580013066,0.3644676681907253,0.3376877857609406,0.2958850424559112,0.45395166557805366,0.4069235793598957,0.3651208360548663,0.19725669497060763,0.2991508817766169,0.3932070542129329,0.31874591770084926,0.29980404964075785,1
0.19464402351404334,0.0,0.03657740039190086,0.0476812540822994,0.649902024820379,0.6054866100587852,0.9007184846505555,1.0,0.9444807315480083,0.6087524493794905,0.690398432397126,0.625734813847159,0.6642717178314828,0.5251469627694321,0.4343566296538213,0.3109079033311564,0.3788373612018291,0.4134552580013066,0.3644676681907253,0.3376877857609406,0.2958850424559112,0.45395166557805366,0.4069235793598957,0.3651208360548663,0.19725669497060763,0.2991508817766169,0.3932070542129329,0.31874591770084926,0.29980404964075785,0.3272370999346835,1
0.0,0.03657740039190086,0.0476812540822994,0.649902024820379,0.6054866100587852,0.9007184846505555,1.0,0.9444807315480083,0.6087524493794905,0.690398432397126,0.625734813847159,0.6642717178314828,0.5251469627694321,0.4343566296538213,0.3109079033311564,0.3788373612018291,0.4134552580013066,0.3644676681907253,0.3376877857609406,0.2958850424559112,0.45395166557805366,0.4069235793598957,0.3651208360548663,0.19725669497060763,0.2991508817766169,0.3932070542129329,0.31874591770084926,0.29980404964075785,0.3272370999346835,0.7276290006531678,1
0.0,0.011525423728813674,0.6366101694915255,0.5905084745762712,0.8969491525423732,1.0,0.9423728813559326,0.5938983050847456,0.67864406779661,0.6115254237288138,0.6515254237288135,0.5071186440677968,0.4128813559322036,0.2847457627118646,0.3552542372881357,0.3911864406779663,0.34033898305084764,0.3125423728813559,0.2691525423728813,0.4332203389830509,0.38440677966101705,0.34101694915254244,0.16677966101694922,0.27254237288135613,0.3701694915254238,0.29288135593220344,0.2732203389830509,0.3016949152542375,0.7172881355932202,0.8033898305084747,0
0.0,0.6323731138545954,0.5857338820301783,0.8957475994513034,1.0,0.9417009602194791,0.5891632373113853,0.6748971193415636,0.6069958847736627,0.6474622770919066,0.501371742112483,0.40603566529492474,0.27640603566529504,0.3477366255144034,0.38408779149519906,0.332647462277092,0.3045267489711933,0.26063100137174194,0.42661179698216734,0.3772290809327847,0.3333333333333333,0.15706447187928665,0.26406035665294936,0.3628257887517147,0.284636488340192,0.26474622770919065,0.2935528120713307,0.7139917695473249,0.8010973936899863,0.9176954732510286,0
0.563873067534581,0.5085435313262816,0.8763222131814487,1.0,0.9308380797396262,0.5126118795768916,0.6143205858421479,0.5337672904800653,0.581773799837266,0.4084621643612696,0.29536208299430455,0.14157851912123695,0.22620016273393012,0.2693246541903989,0.2082994304312451,0.17493897477624074,0.12286411716842946,0.3197721724979658,0.2611879576891783,0.209113100081367,0.0,0.12693246541904007,0.24410089503661514,0.15134255492270135,0.12774613506916196,0.16192026037428822,0.6606997558991048,0.7640358014646055,0.9023596419853537,0.49471114727420656,1
0.5085435313262816,0.8763222131814487,1.0,0.9308380797396262,0.5126118795768916,0.6143205858421479,0.5337672904800653,0.581773799837266,0.4084621643612696,0.29536208299430455,0.14157851912123695,0.22620016273393012,0.2693246541903989,0.2082994304312451,0.17493897477624074,0.12286411716842946,0.3197721724979658,0.2611879576891783,0.209113100081367,0.0,0.12693246541904007,0.24410089503661514,0.15134255492270135,0.12774613506916196,0.16192026037428822,0.6606997558991048,0.7640358014646055,0.9023596419853537,0.49471114727420656,0.7420667209113099,0
0.8763222131814487,1.0,0.9308380797396262,0.5126118795768916,0.6143205858421479,0.5337672904800653,0.581773799837266,0.4084621643612696,0.29536208299430455,0.14157851912123695,0.22620016273393012,0.2693246541903989,0.2082994304312451,0.17493897477624074,0.12286411716842946,0.3197721724979658,0.2611879576891783,0.209113100081367,0.0,0.12693246541904007,0.24410089503661514,0.15134255492270135,0.12774613506916196,0.16192026037428822,0.6606997558991048,0.7640358014646055,0.9023596419853537,0.49471114727420656,0.7420667209113099,0.4743694060211553,1
1.0,0.9308380797396262,0.5126118795768916,0.6143205858421479,0.5337672904800653,0.581773799837266,0.4084621643612696,0.29536208299430455,0.14157851912123695,0.22620016273393012,0.2693246541903989,0.2082994304312451,0.17493897477624074,0.12286411716842946,0.3197721724979658,0.2611879576891783,0.209113100081367,0.0,0.12693246541904007,0.24410089503661514,0.15134255492270135,0.12774613506916196,0.16192026037428822,0.6606997558991048,0.7640358014646055,0.9023596419853537,0.49471114727420656,0.7420667209113099,0.4743694060211553,0.6688364524003254,1
1.0,0.5506993006993002,0.6599650349650344,0.5734265734265734,0.6249999999999997,0.4388111888111889,0.3173076923076924,0.15209790209790222,0.243006993006993,0.28933566433566443,0.2237762237762239,0.18793706293706272,0.13199300699300676,0.3435314685314684,0.28059440559440557,0.22465034965034958,0.0,0.1363636363636365,0.26223776223776213,0.16258741258741247,0.1372377622377622,0.17395104895104904,0.7097902097902092,0.8208041958041955,0.9694055944055937,0.5314685314685311,0.7972027972027966,0.5096153846153842,0.7185314685314681,0.8304195804195801,1
0.5680793507664562,0.6807935076645626,0.5915238954012628,0.6447249774571687,0.45266005410279575,0.32732191163210134,0.15689810640216434,0.2506762849413888,0.29846708746618605,0.2308385933273222,0.19386834986474294,0.1361587015329124,0.3543733092876466,0.2894499549143374,0.23174030658250686,0.0,0.14066726780883704,0.27051397655545545,0.16771866546438233,0.14156898106402171,0.17944093778178563,0.7321911632100992,0.8467087466185756,1.0,0.5482416591523895,0.8223624887285843,0.5256988277727683,0.7412082957619478,0.8566275924256089,0.959422903516682,1
0.4222595078299774,0.3668903803131992,0.39988814317673366,0.2807606263982104,0.20302013422818804,0.09731543624161083,0.1554809843400448,0.18512304250559294,0.14317673378076073,0.12024608501118558,0.0844519015659954,0.21979865771812077,0.1795302013422819,0.14373601789709173,0.0,0.08724832214765112,0.16778523489932884,0.10402684563758384,0.08780760626398211,0.11129753914988824,0.4541387024608499,0.5251677852348993,0.6202460850111854,0.34004474272930635,0.5100671140939596,0.32606263982102895,0.45973154362416097,0.5313199105145413,0.5950782997762863,1.0,0
0.3668903803131992,0.39988814317673366,0.2807606263982104,0.20302013422818804,0.09731543624161083,0.1554809843400448,0.18512304250559294,0.14317673378076073,0.12024608501118558,0.0844519015659954,0.21979865771812077,0.1795302013422819,0.14373601789709173,0.0,0.08724832214765112,0.16778523489932884,0.10402684563758384,0.08780760626398211,0.11129753914988824,0.4541387024608499,0.5251677852348993,0.6202460850111854,0.34004474272930635,0.5100671140939596,0.32606263982102895,0.45973154362416097,0.5313199105145413,0.5950782997762863,1.0,0.8048098434004469,1
0.39988814317673366,0.2807606263982104,0.20302013422818804,0.09731543624161083,0.1554809843400448,0.18512304250559294,0.14317673378076073,0.12024608501118558,0.0844519015659954,0.21979865771812077,0.1795302013422819,0.14373601789709173,0.0,0.08724832214765112,0.16778523489932884,0.10402684563758384,0.08780760626398211,0.11129753914988824,0.4541387024608499,0.5251677852348993,0.6202460850111854,0.34004474272930635,0.5100671140939596,0.32606263982102895,0.45973154362416097,0.5313199105145413,0.5950782997762863,1.0,0.8048098434004469,0.9205816554809843,1
0.2726778924497557,0.19717544812601856,0.09451385116784365,0.15100488864747422,0.17979359043997836,0.13905486148832166,0.11678435632808247,0.08202064095600205,0.2134709397066811,0.17436175991309072,0.1395980445410103,0.0,0.08473655621944606,0.1629549158066268,0.10103204780010859,0.08527973927213471,0.10809342748506255,0.44106463878326974,0.5100488864747419,0.6023900054318302,0.33025529603476356,0.49538294405214534,0.31667571971754466,0.44649646931015735,0.5160239000543182,0.5779467680608364,0.9712112982074959,0.7816404128191196,0.8940793047256924,1.0,0
0.19035133717881503,0.09124278972207667,0.14577871001573156,0.17357105401153655,0.1342422653382277,0.112742527530152,0.07918196119559508,0.20608285264813841,0.16832721552176197,0.13476664918720505,0.0,0.08180388044048255,0.15731515469323545,0.09753539590980595,0.0823282642894599,0.10435238594651294,0.4257996853696905,0.492396434189827,0.5815416885159935,0.31882538017829043,0.47823807026743564,0.3057157839538541,0.43104352385946504,0.4981646565285789,0.5579444153120084,0.9375983219716834,0.7545883586785523,0.8631358154168852,0.9653906659674883,1.0,0
0.09124278972207667,0.14577871001573156,0.17357105401153655,0.1342422653382277,0.112742527530152,0.07918196119559508,0.20608285264813841,0.16832721552176197,0.13476664918720505,0.0,0.08180388044048255,0.15731515469323545,0.09753539590980595,0.0823282642894599,0.10435238594651294,0.4257996853696905,0.492396434189827,0.5815416885159935,0.31882538017829043,0.47823807026743564,0.3057157839538541,0.43104352385946504,0.4981646565285789,0.5579444153120084,0.9375983219716834,0.7545883586785523,0.8631358154168852,0.9653906659674883,1.0,0.8835867855270059,1
0.14577871001573156,0.17357105401153655,0.1342422653382277,0.112742527530152,0.07918196119559508,0.20608285264813841,0.16832721552176197,0.13476664918720505,0.0,0.08180388044048255,0.15731515469323545,0.09753539590980595,0.0823282642894599,0.10435238594651294,0.4257996853696905,0.492396434189827,0.5815416885159935,0.31882538017829043,0.47823807026743564,0.3057157839538541,0.43104352385946504,0.4981646565285789,0.5579444153120084,0.9375983219716834,0.7545883586785523,0.8631358154168852,0.9653906659674883,1.0,0.8835867855270059,0.9811221814368117,1
0.16516966067864283,0.12774451097804404,0.1072854291417165,0.0753493013972055,0.19610778443113772,0.16017964071856292,0.12824351297405193,0.0,0.07784431137724562,0.14970059880239522,0.09281437125748501,0.07834331337325351,0.09930139720558892,0.4051896207584829,0.46856287425149706,0.5533932135728541,0.3033932135728542,0.4550898203592813,0.2909181636726546,0.41017964071856283,0.47405189620758487,0.530938123752495,0.8922155688622756,0.7180638722554887,0.8213572854291418,0.9186626746506988,0.9515968063872257,0.8408183632734532,0.9336327345309382,1.0,1
0.10326744655102874,0.08672851956434041,0.06091165792658322,0.15853166599435256,0.1294876966518758,0.10367083501411861,0.0,0.06292860024203317,0.12101653892698669,0.07503025413473173,0.06333198870512305,0.08027430415490125,0.32755143202904385,0.37878176684146836,0.44735780556676064,0.24526018555869297,0.36789027833803944,0.23517547398144406,0.3315853166599435,0.38321903993545786,0.42920532472771283,0.7212585720048408,0.5804759983864459,0.663977410246067,0.7426381605486085,0.7692617991125454,0.6797095603065754,0.754739814441307,0.8083904800322711,1.0,1
0.06032547699214363,0.04236812570145899,0.11026936026936028,0.0900673400673401,0.07210998877665546,0.0,0.04377104377104384,0.0841750841750842,0.05218855218855218,0.04405162738496073,0.05583613916947257,0.22783389450056113,0.2634680134680135,0.31116722783389444,0.1705948372615039,0.2558922558922559,0.16358024691358022,0.23063973063973064,0.26655443322109995,0.29854096520763196,0.5016835016835018,0.403759820426487,0.4618406285072953,0.5165544332211001,0.5350729517396186,0.47278338945005627,0.5249719416386084,0.5622895622895624,0.6955667789001123,1.0,0
0.04236812570145899,0.11026936026936028,0.0900673400673401,0.07210998877665546,0.0,0.04377104377104384,0.0841750841750842,0.05218855218855218,0.04405162738496073,0.05583613916947257,0.22783389450056113,0.2634680134680135,0.31116722783389444,0.1705948372615039,0.2558922558922559,0.16358024691358022,0.23063973063973064,0.26655443322109995,0.29854096520763196,0.5016835016835018,0.403759820426487,0.4618406285072953,0.5165544332211001,0.5350729517396186,0.47278338945005627,0.5249719416386084,0.5622895622895624,0.6955667789001123,1.0,0.9189113355780026,1
0.10229047371160854,0.08355023425299327,0.06689224362311298,0.0,0.04060385216033322,0.07808433107756378,0.04841228526808953,0.04086413326392505,0.05179593961478403,0.2113482561166059,0.24440395627277464,0.288651743883394,0.15825091098386254,0.23737636647579383,0.15174388339406555,0.21395106715252474,0.2472670484122853,0.27693909422175955,0.4653826132222802,0.3745445080687141,0.4284226965122333,0.47917751171264983,0.49635606454971376,0.4385736595523166,0.48698594482040614,0.521603331598126,0.6452368558042687,0.9276418532014575,0.8524206142634048,1.0,0
0.07491248541423573,0.05997666277712953,0.0,0.03640606767794637,0.07001166861143523,0.04340723453908983,0.03663943990665111,0.04644107351225209,0.18949824970828466,0.2191365227537923,0.2588098016336055,0.1418903150525087,0.21283547257876306,0.1360560093348891,0.19183197199533253,0.2217036172695449,0.24830805134189032,0.4172695449241541,0.3358226371061842,0.3841306884480747,0.42963827304550767,0.4450408401400233,0.39323220536756126,0.4366394399066511,0.46767794632438736,0.5785297549591598,0.8317386231038505,0.7642940490081682,0.8966161026837804,1.0,0
0.05997666277712953,0.0,0.03640606767794637,0.07001166861143523,0.04340723453908983,0.03663943990665111,0.04644107351225209,0.18949824970828466,0.2191365227537923,0.2588098016336055,0.1418903150525087,0.21283547257876306,0.1360560093348891,0.19183197199533253,0.2217036172695449,0.24830805134189032,0.4172695449241541,0.3358226371061842,0.3841306884480747,0.42963827304550767,0.4450408401400233,0.39323220536756126,0.4366394399066511,0.46767794632438736,0.5785297549591598,0.8317386231038505,0.7642940490081682,0.8966161026837804,1.0,0.7558926487747957,1
0.0,0.03640606767794637,0.07001166861143523,0.04340723453908983,0.03663943990665111,0.04644107351225209,0.18949824970828466,0.2191365227537923,0.2588098016336055,0.1418903150525087,0.21283547257876306,0.1360560093348891,0.19183197199533253,0.2217036172695449,0.24830805134189032,0.4172695449241541,0.3358226371061842,0.3841306884480747,0.42963827304550767,0.4450408401400233,0.39323220536756126,0.4366394399066511,0.46767794632438736,0.5785297549591598,0.8317386231038505,0.7642940490081682,0.8966161026837804,1.0,0.7558926487747957,0.8203033838973162,1
0.0,0.03253502033438766,0.006778129236330708,0.00022593764121098083,0.009715318572074102,0.1482150926344328,0.17690917306823314,0.21531857207410743,0.10212381382738356,0.17080885675553537,0.09647537279710791,0.15047446904654307,0.1793944871215544,0.20515137821961135,0.3687302304563941,0.28987799367374584,0.33664708540442834,0.38070492544057843,0.39561680976050606,0.3454586534116584,0.38748305467690913,0.41753276095797554,0.5248531405332127,0.7699954812471757,0.7046995029371895,0.8328061455038408,0.9328965205603253,0.6965657478535923,0.7589245368278354,1.0,1
0.03140786294750713,0.006369426751592338,0.0,0.009224687019547588,0.14386119042389628,0.1717548868877663,0.20909290577641107,0.09905556775752247,0.16582473094662853,0.0935646826268394,0.14605754447616953,0.17417087634526685,0.19920931254118163,0.35822534592576327,0.2815725895014275,0.3270371183834834,0.3698660224028114,0.3843619591478146,0.33560289918734904,0.376455084559631,0.4056665934548649,0.5099934109378431,0.7482978256094881,0.6848231934987922,0.8093564682626838,0.9066549527783879,0.6769163189106082,0.7375356907533493,0.9718866681309026,1.0,1
0.006235218232638123,0.0,0.009030316061062173,0.1408299290475166,0.16813588475596644,0.20468716405074167,0.09696839389378623,0.162330681573855,0.09159320576220162,0.14298000430015045,0.17050096753386365,0.19501182541388948,0.3506772737045797,0.2756396473876584,0.32014620511717906,0.36207267254353903,0.37626316921092234,0.32853149860245107,0.3685228983014405,0.3971188991614706,0.49924747366157807,0.7325306385723498,0.6703934637712321,0.7923027305955707,0.88755106428725,0.66265319286175,0.7219952698344441,0.9514082992904751,0.9789292625241882,1.0,1
0.0,0.008486562942008521,0.1323499696908466,0.1580117195393009,0.19236209335219231,0.09112952111537681,0.15255607193372395,0.08607799555465748,0.13437057991513435,0.1602343907860174,0.18326934734289757,0.3295615275813296,0.2590422307536875,0.3008688623964438,0.34027076177005466,0.35360678925035366,0.30874924227116596,0.3463325924429178,0.37320670842594467,0.4691856940796121,0.6884219034148312,0.6300262679329159,0.7445948676500302,0.8341079005859771,0.6227520711254798,0.6785209133158214,0.8941200242473227,0.9199838351182058,0.9397858153162257,1.0,0
0.0,0.12492357856123897,0.15080497248828204,0.1854493580599143,0.08335031587528015,0.1453026288974933,0.07825555329121657,0.12696148359486442,0.15304666802527,0.17627878540859995,0.3238231098430814,0.25270022416955357,0.2948848583656002,0.3346240065212962,0.34807417974322397,0.3028326879967394,0.3407377216221724,0.36784185856939067,0.46464234766659873,0.6857550438149581,0.6268595883431834,0.7424088037497452,0.832687996739352,0.6195231302221316,0.6757693091501936,0.8932137762380274,0.919298960668433,0.9392704299979623,1.0,0.9625025473812923,0
0.05063011275701966,0.07870882157859833,0.11629449480433338,0.0055273048861375195,0.07273933230156975,0.0,0.0528410347114747,0.08114083572849883,0.10634534600928593,0.26641609551182854,0.18925491930134858,0.23502100375856738,0.27813398187044014,0.2927260667698431,0.24364359938094193,0.28476674773380506,0.31417200972805664,0.4191908025646695,0.6590758346230378,0.5951801901392884,0.720539464956887,0.818483307539244,0.5872208711032499,0.6482423170462083,0.8841476895865577,0.9124474906035819,0.934114525757241,1.0,0.959319036038028,0.9139951359717002,1
0.07870882157859833,0.11629449480433338,0.0055273048861375195,0.07273933230156975,0.0,0.0528410347114747,0.08114083572849883,0.10634534600928593,0.26641609551182854,0.18925491930134858,0.23502100375856738,0.27813398187044014,0.2927260667698431,0.24364359938094193,0.28476674773380506,0.31417200972805664,0.4191908025646695,0.6590758346230378,0.5951801901392884,0.720539464956887,0.818483307539244,0.5872208711032499,0.6482423170462083,0.8841476895865577,0.9124474906035819,0.934114525757241,1.0,0.959319036038028,0.9139951359717002,0.8684501437099272,1
0.07989064398541916,0.0037970838396111785,0.04996962332928309,0.0,0.036300121506682874,0.055741190765492124,0.07305589307411911,0.18301944106925885,0.13001215066828667,0.16145200486026734,0.1910692588092346,0.20109356014580804,0.1673754556500608,0.19562575941676796,0.2158262454434994,0.28797083839611176,0.45276427703523686,0.4088699878493318,0.49498784933171314,0.5622721749696233,0.4034021871202915,0.445321992709599,0.6073815309842041,0.6268226002430134,0.6417071688942892,0.6869684082624543,0.6590218712029162,0.6278857837181044,0.5965978128797085,1.0,1
0.00259794242959576,0.03418892237348019,0.0,0.02483632962693547,0.03813779486646577,0.04998441234542244,0.12522082510651567,0.08895354878935877,0.11046451210641173,0.1307284630572587,0.13758703107139145,0.11451730229658112,0.13384599397277355,0.14766704769822298,0.19702795386054242,0.3097786553049983,0.2797464408188715,0.33866777512210317,0.38470331497454013,0.27600540372025345,0.3046866881429907,0.4155668710381377,0.428868336277668,0.43905227060168345,0.4700197443624648,0.4508988880806401,0.42959576015795475,0.40818871453808586,0.6841941182583393,1.0,1
0.03418892237348019,0.0,0.02483632962693547,0.03813779486646577,0.04998441234542244,0.12522082510651567,0.08895354878935877,0.11046451210641173,0.1307284630572587,0.13758703107139145,0.11451730229658112,0.13384599397277355,0.14766704769822298,0.19702795386054242,0.3097786553049983,0.2797464408188715,0.33866777512210317,0.38470331497454013,0.27600540372025345,0.3046866881429907,0.4155668710381377,0.428868336277668,0.43905227060168345,0.4700197443624648,0.4508988880806401,0.42959576015795475,0.40818871453808586,0.6841941182583393,1.0,0.9316221552530395,1
0.0,0.01540047683484761,0.02364843095560282,0.03099426509440043,0.07764675558992205,0.05515819318255039,0.06849668148720925,0.08106192409304727,0.08531477543656164,0.07100973000837685,0.08299503834009925,0.09156517816869644,0.12217282041368646,0.19208711901540046,0.17346478510213292,0.21000064437141566,0.2385462980862169,0.17114504800567043,0.18892969907854887,0.2576841291320317,0.26593208325278694,0.2722469231264902,0.2914491913138733,0.27959275726528776,0.26638314324376566,0.25310909208067534,0.4242541400863458,0.6200786133127135,0.5776789741607062,1.0,1
0.0,0.005024336630554251,0.009499136442141629,0.0379180405087141,0.024218872664468497,0.03234416705919297,0.03999842989480297,0.042589103469932485,0.03387501962631497,0.041176008792589106,0.046396608572774375,0.06504160778772178,0.10763071125765424,0.09628670120898103,0.11854294237713925,0.1359318574344481,0.0948736065316376,0.10570733239127021,0.147589888522531,0.15261422515308526,0.15646098288585336,0.16815826660386243,0.16093578269744074,0.15288899356256866,0.14480295179777047,0.24905793688177105,0.36834667922750824,0.34251844873606524,0.5997801852724132,1.0,0
0.0,0.004497396244279629,0.03305980747988008,0.01929146283730469,0.02745778759665457,0.03515070222502763,0.03775445794540003,0.02899637052232918,0.03633422755246962,0.041581189837462514,0.060320340855294294,0.10312450686444687,0.09172321287675558,0.11409184156540947,0.13156856556730315,0.09030298248382512,0.10119141549629161,0.143285466308979,0.14833517437273158,0.15220135710904215,0.16395770869496604,0.15669875335332178,0.148611330282468,0.14048445636736628,0.24526589869023194,0.3651570143601073,0.3391983588448792,0.5977591920467097,1.0,0.9465046551996212,0
0.0,0.02869144804628676,0.014860901957676122,0.023064119838313385,0.030791788856304993,0.03340730760085598,0.024609653641911707,0.031980661012919076,0.037251327573908206,0.056075136720298,0.09907267971784096,0.0876198779424586,0.1100895617024649,0.12764524054846635,0.08619323135452164,0.0971308551953713,0.13941507489894583,0.1444875961004993,0.1483712451454387,0.1601807085678053,0.15288895934057226,0.14476499960370923,0.1366014107949592,0.24185622572719342,0.362288975192201,0.3362130458904652,0.5959419830387571,1.0,0.946262978521043,0.8540461282396765,1
0.014039180980731359,0.0,0.008326964077396545,0.01617120559958168,0.01882617965324432,0.009895812381833572,0.01737801198761015,0.022728186974536404,0.04183595478498735,0.08548211915201737,0.07385655094734306,0.09666519168108129,0.11448569934430188,0.07240838328170883,0.08351100205157087,0.12643308258578384,0.13158212317470536,0.1355243573755984,0.14751196749668127,0.14011022165010664,0.13186371133191196,0.12357697413411646,0.23041956635423788,0.352669053461523,0.3261997666840983,0.5898467355887203,1.0,0.9454523512611127,0.8518444024297034,0.9341083712136448,1
0.0,0.008326964077396545,0.01617120559958168,0.01882617965324432,0.009895812381833572,0.01737801198761015,0.022728186974536404,0.04183595478498735,0.08548211915201737,0.07385655094734306,0.09666519168108129,0.11448569934430188,0.07240838328170883,0.08351100205157087,0.12643308258578384,0.13158212317470536,0.1355243573755984,0.14751196749668127,0.14011022165010664,0.13186371133191196,0.12357697413411646,0.23041956635423788,0.352669053461523,0.3261997666840983,0.5898467355887203,1.0,0.9454523512611127,0.8518444024297034,0.9341083712136448,0.9308499939659681,1
0.0,0.007828810020876837,0.010478561104865903,0.0015657620041753674,0.009033242331780952,0.014372892243455908,0.03344307049943792,0.07700337241047049,0.06540067448209412,0.08816444515818207,0.10594989561586637,0.0639553557090091,0.0750361329693271,0.11787377549381722,0.12301268668700817,0.126947165569295,0.1389111931909426,0.1315240083507307,0.12329372089288577,0.11502328569134415,0.22165569295005613,0.3436646860446443,0.31724747069214704,0.580375782881002,0.9897221776136181,0.9352818371607515,0.8418580375782879,0.9239601734382525,0.9207082061988117,1.0,1
0.005410842495924535,0.00770004509035413,0.0,0.006451389129756164,0.011064479206409761,0.02753980090874406,0.06517290416565501,0.055148971593076926,0.07481530297249488,0.09018070826540878,0.053900315632478914,0.06347334466373002,0.10048211994034201,0.10492178557802367,0.10832090458187371,0.1186570011446013,0.11227498179043395,0.10516457979258437,0.09801949290694048,0.19014255488883494,0.2955499288959801,0.27272727272727276,0.5000520273316916,0.8536991432832717,0.8066664354340816,0.7259547015365406,0.796885297076064,0.7940758211647188,0.862578474558635,1.0,0
0.00770004509035413,0.0,0.006451389129756164,0.011064479206409761,0.02753980090874406,0.06517290416565501,0.055148971593076926,0.07481530297249488,0.09018070826540878,0.053900315632478914,0.06347334466373002,0.10048211994034201,0.10492178557802367,0.10832090458187371,0.1186570011446013,0.11227498179043395,0.10516457979258437,0.09801949290694048,0.19014255488883494,0.2955499288959801,0.27272727272727276,0.5000520273316916,0.8536991432832717,0.8066664354340816,0.7259547015365406,0.796885297076064,0.7940758211647188,0.862578474558635,1.0,0.9719399257743404,0
0.0,0.006451389129756164,0.011064479206409761,0.02753980090874406,0.06517290416565501,0.055148971593076926,0.07481530297249488,0.09018070826540878,0.053900315632478914,0.06347334466373002,0.10048211994034201,0.10492178557802367,0.10832090458187371,0.1186570011446013,0.11227498179043395,0.10516457979258437,0.09801949290694048,0.19014255488883494,0.2955499288959801,0.27272727272727276,0.5000520273316916,0.8536991432832717,0.8066664354340816,0.7259547015365406,0.796885297076064,0.7940758211647188,0.862578474558635,1.0,0.9719399257743404,0.8483576705629359,0
0.0,0.004643044161284686,0.021225344737301442,0.05910281026357128,0.04901378949205797,0.06880781986385057,0.08427299703264096,0.04775702565892823,0.057392215046255884,0.09464129865596091,0.09910979228486648,0.10253098271949732,0.11293419444929305,0.10651073485774133,0.09935416303019723,0.09216268109617737,0.18488392389596786,0.29097573747599936,0.26800488741490663,0.4968057252574621,0.8527491708849714,0.805411066503753,0.7241752487345087,0.7955664164775702,0.7927386978530286,0.8616861581427825,1.0,0.9717577238610579,0.8473730144876943,0.8572874847268285,0
0.0,0.016659652076318743,0.054713804713804694,0.044577721661055024,0.06446408529741861,0.08000140291806959,0.04331509539842871,0.05299523007856341,0.09041806958473625,0.09490740740740741,0.09834455667789004,0.10879629629629628,0.10234287317620654,0.09515291806958472,0.08792789001122336,0.18108164983164982,0.2876683501683502,0.26459034792368125,0.4944584736251402,0.8520622895622897,0.8045033670033671,0.7228886083052749,0.7946127946127945,0.7917718855218856,0.861040965207632,1.0,0.9716259820426486,0.8466610549943884,0.8566217732884399,0.6723835578002245,1
0.0,0.038698862217783625,0.02839105467774729,0.0486143310625245,0.06441488033669794,0.027107037129507416,0.036951171666012764,0.0750080251096765,0.07957342083675144,0.0830688019402932,0.0936976138673895,0.08713485750971932,0.07982309091557582,0.07247565716731465,0.16720761850411953,0.2756000998680316,0.2521311124585369,0.48589364054642076,0.8495559439312338,0.8011912829475337,0.7181938153154759,0.7911331454863215,0.7882441060027822,0.8586867353853836,1.0,0.9711452723187216,0.8440632021970967,0.8541926739665441,0.6668331133858829,0.7500802510967649,0
0.01191480001466437,0.0013197932323936418,0.022106536642592666,0.03834732558565828,0.0,0.010118414781684222,0.049235619752905406,0.05392821791252707,0.05752098837848742,0.06844594346885656,0.06170033361440046,0.054184844374381355,0.04663269421124029,0.14400410602338967,0.2554166513912821,0.23129376397697696,0.4715694541188547,0.8453642262712177,0.7956520145177257,0.7103420464127287,0.785313634197309,0.7823440994244237,0.854749422590461,1.0,0.9703413131942663,0.8397184441104228,0.8501301462770833,0.6575503171169851,0.7431169116838362,0.698060637166844,1
0.0013197932323936418,0.022106536642592666,0.03834732558565828,0.0,0.010118414781684222,0.049235619752905406,0.05392821791252707,0.05752098837848742,0.06844594346885656,0.06170033361440046,0.054184844374381355,0.04663269421124029,0.14400410602338967,0.2554166513912821,0.23129376397697696,0.4715694541188547,0.8453642262712177,0.7956520145177257,0.7103420464127287,0.785313634197309,0.7823440994244237,0.854749422590461,1.0,0.9703413131942663,0.8397184441104228,0.8501301462770833,0.6575503171169851,0.7431169116838362,0.698060637166844,0.6885654580782344,1
0.022106536642592666,0.03834732558565828,0.0,0.010118414781684222,0.049235619752905406,0.05392821791252707,0.05752098837848742,0.06844594346885656,0.06170033361440046,0.054184844374381355,0.04663269421124029,0.14400410602338967,0.2554166513912821,0.23129376397697696,0.4715694541188547,0.8453642262712177,0.7956520145177257,0.7103420464127287,0.785313634197309,0.7823440994244237,0.854749422590461,1.0,0.9703413131942663,0.8397184441104228,0.8501301462770833,0.6575503171169851,0.7431169116838362,0.698060637166844,0.6885654580782344,0.7366279282912345,0
0.03834732558565828,0.0,0.010118414781684222,0.049235619752905406,0.05392821791252707,0.05752098837848742,0.06844594346885656,0.06170033361440046,0.054184844374381355,0.04663269421124029,0.14400410602338967,0.2554166513912821,0.23129376397697696,0.4715694541188547,0.8453642262712177,0.7956520145177257,0.7103420464127287,0.785313634197309,0.7823440994244237,0.854749422590461,1.0,0.9703413131942663,0.8397184441104228,0.8501301462770833,0.6575503171169851,0.7431169116838362,0.698060637166844,0.6885654580782344,0.7366279282912345,0.6840928254573452,0
0.0,0.010118414781684222,0.049235619752905406,0.05392821791252707,0.05752098837848742,0.06844594346885656,0.06170033361440046,0.054184844374381355,0.04663269421124029,0.14400410602338967,0.2554166513912821,0.23129376397697696,0.4715694541188547,0.8453642262712177,0.7956520145177257,0.7103420464127287,0.785313634197309,0.7823440994244237,0.854749422590461,1.0,0.9703413131942663,0.8397184441104228,0.8501301462770833,0.6575503171169851,0.7431169116838362,0.698060637166844,0.6885654580782344,0.7366279282912345,0.6840928254573452,0.6025589324339188,0
0.0,0.039517054923891716,0.0442576200881449,0.04788711529202625,0.05892374356505314,0.05210918114143923,0.044516869745564965,0.03688752268434505,0.1352542498425984,0.24780563682826567,0.22343616903077665,0.46616791970667754,0.8437835635717198,0.7935632013629127,0.7073812081034035,0.7831191437354172,0.7801192548424134,0.8532646939002261,1.0,0.9700381467353062,0.8380800711084776,0.8485982000666642,0.6540498500055555,0.7404910929224844,0.6949742602125849,0.6853820228880412,0.7339357801562906,0.6808636717158625,0.5984963519869636,0.5820895522388061,0
0.002730244183810782,0.007652374543357029,0.011420880599884635,0.02288021534320319,0.01580465295135551,0.007921553547394686,0.0,0.10213420496058448,0.2189963468563738,0.1936935204768314,0.4457219765429725,0.8378004229955779,0.7856566044991349,0.6961738127283215,0.7748125360507594,0.7716977504326092,0.8476446837146704,1.0,0.9688905979619304,0.8318784849067488,0.8427994616419919,0.6407998461834263,0.7305518169582772,0.6832916746779467,0.6733320515285521,0.7237454335704673,0.6686406460296098,0.5831186310324938,0.5660834454912517,0.4640261488175352,1
0.007652374543357029,0.011420880599884635,0.02288021534320319,0.01580465295135551,0.007921553547394686,0.0,0.10213420496058448,0.2189963468563738,0.1936935204768314,0.4457219765429725,0.8378004229955779,0.7856566044991349,0.6961738127283215,0.7748125360507594,0.7716977504326092,0.8476446837146704,1.0,0.9688905979619304,0.8318784849067488,0.8427994616419919,0.6407998461834263,0.7305518169582772,0.6832916746779467,0.6733320515285521,0.7237454335704673,0.6686406460296098,0.5831186310324938,0.5660834454912517,0.4640261488175352,0.5145548932897521,1
0.011420880599884635,0.02288021534320319,0.01580465295135551,0.007921553547394686,0.0,0.10213420496058448,0.2189963468563738,0.1936935204768314,0.4457219765429725,0.8378004229955779,0.7856566044991349,0.6961738127283215,0.7748125360507594,0.7716977504326092,0.8476446837146704,1.0,0.9688905979619304,0.8318784849067488,0.8427994616419919,0.6407998461834263,0.7305518169582772,0.6832916746779467,0.6733320515285521,0.7237454335704673,0.6686406460296098,0.5831186310324938,0.5660834454912517,0.4640261488175352,0.5145548932897521,0.5027494712555279,1
0.02288021534320319,0.01580465295135551,0.007921553547394686,0.0,0.10213420496058448,0.2189963468563738,0.1936935204768314,0.4457219765429725,0.8378004229955779,0.7856566044991349,0.6961738127283215,0.7748125360507594,0.7716977504326092,0.8476446837146704,1.0,0.9688905979619304,0.8318784849067488,0.8427994616419919,0.6407998461834263,0.7305518169582772,0.6832916746779467,0.6733320515285521,0.7237454335704673,0.6686406460296098,0.5831186310324938,0.5660834454912517,0.4640261488175352,0.5145548932897521,0.5027494712555279,0.605229763507018,0
0.01580465295135551,0.007921553547394686,0.0,0.10213420496058448,0.2189963468563738,0.1936935204768314,0.4457219765429725,0.8378004229955779,0.7856566044991349,0.6961738127283215,0.7748125360507594,0.7716977504326092,0.8476446837146704,1.0,0.9688905979619304,0.8318784849067488,0.8427994616419919,0.6407998461834263,0.7305518169582772,0.6832916746779467,0.6733320515285521,0.7237454335704673,0.6686406460296098,0.5831186310324938,0.5660834454912517,0.4640261488175352,0.5145548932897521,0.5027494712555279,0.605229763507018,0.5655835416266103,0
0.007921553547394686,0.0,0.10213420496058448,0.2189963468563738,0.1936935204768314,0.4457219765429725,0.8378004229955779,0.7856566044991349,0.6961738127283215,0.7748125360507594,0.7716977504326092,0.8476446837146704,1.0,0.9688905979619304,0.8318784849067488,0.8427994616419919,0.6407998461834263,0.7305518169582772,0.6832916746779467,0.6733320515285521,0.7237454335704673,0.6686406460296098,0.5831186310324938,0.5660834454912517,0.4640261488175352,0.5145548932897521,0.5027494712555279,0.605229763507018,0.5655835416266103,0.5502018842530283,1
0.0,0.10213420496058448,0.2189963468563738,0.1936935204768314,0.4457219765429725,0.8378004229955779,0.7856566044991349,0.6961738127283215,0.7748125360507594,0.7716977504326092,0.8476446837146704,1.0,0.9688905979619304,0.8318784849067488,0.8427994616419919,0.6407998461834263,0.7305518169582772,0.6832916746779467,0.6733320515285521,0.7237454335704673,0.6686406460296098,0.5831186310324938,0.5660834454912517,0.4640261488175352,0.5145548932897521,0.5027494712555279,0.605229763507018,0.5655835416266103,0.5502018842530283,0.5805806575658529,1
0.0,0.13015546704355654,0.10197438862478052,0.3826716347595186,0.8193498650905823,0.7612745727868433,0.6616129170414151,0.7491969677502248,0.7457278684311964,0.830313932074179,1.0,0.9653518351963682,0.8127542935457622,0.8249175553556898,0.5999400402586835,0.6999014947106943,0.6472654075120992,0.6361728553685383,0.6923208702728169,0.6309477921966681,0.5356974602766714,0.5167244849886505,0.40305794680714385,0.4593344468713864,0.4461861321684013,0.5603237826031094,0.5161677159621398,0.4990363613002699,0.5328707867574629,0.7349351149942182,0
0.03138115223197259,0.0,0.3125715375810759,0.7988363220144985,0.734166348721862,0.6231877146127432,0.7207172834795879,0.7168542541014882,0.8110454025181231,1.0,0.9614173979397178,0.7914917970240367,0.8050362457077451,0.5545116367798552,0.6658241129339947,0.6072109881724534,0.5948588325066768,0.6573826783670356,0.5890404425791684,0.48297405570392987,0.4618466234261733,0.3352727966425029,0.3979397176650134,0.3832983594048074,0.5103967951163679,0.46122663105684863,0.44214994276993524,0.4798264021365892,0.7048359404807326,0.6666825639069058,0
0.0,0.3125715375810759,0.7988363220144985,0.734166348721862,0.6231877146127432,0.7207172834795879,0.7168542541014882,0.8110454025181231,1.0,0.9614173979397178,0.7914917970240367,0.8050362457077451,0.5545116367798552,0.6658241129339947,0.6072109881724534,0.5948588325066768,0.6573826783670356,0.5890404425791684,0.48297405570392987,0.4618466234261733,0.3352727966425029,0.3979397176650134,0.3832983594048074,0.5103967951163679,0.46122663105684863,0.44214994276993524,0.4798264021365892,0.7048359404807326,0.6666825639069058,0.5107783288821061,0
0.0,0.707367836825309,0.613292632163175,0.45185236575551546,0.593728319689191,0.5881087831275152,0.7251283474399892,1.0,0.9438740113778272,0.6966837796586653,0.716386846121826,0.35194949354793964,0.5138753989177189,0.4286110725683366,0.4106424309698904,0.5015956708755378,0.4021784376300821,0.247884001665048,0.21714999306230065,0.033023449424171084,0.12418482031358406,0.10288608297488562,0.2877757735534898,0.21624809213264895,0.18849729429721118,0.2433051200222008,0.5706257804911892,0.5151241848203136,0.28833078951019847,0.22783405022894412,0
0.6973740852346108,0.6000860955660786,0.43313244367915044,0.5798536375376667,0.5740421868273786,0.7157411393313248,1.0,0.9419572392021812,0.686325154254556,0.706701104893098,0.3298177643851342,0.4972736404075189,0.40909743148227884,0.39051513847036873,0.48457454441096287,0.3817620892524036,0.2221983067872005,0.19041469364327737,0.0,0.09427464485578985,0.07224852920074613,0.2634524321997418,0.18948199167742863,0.16078346965131296,0.21746305065289145,0.5559621179509255,0.4985650738986942,0.26402640264026395,0.20146362462333184,0.2264313387860526,0
0.6000860955660786,0.43313244367915044,0.5798536375376667,0.5740421868273786,0.7157411393313248,1.0,0.9419572392021812,0.686325154254556,0.706701104893098,0.3298177643851342,0.4972736404075189,0.40909743148227884,0.39051513847036873,0.48457454441096287,0.3817620892524036,0.2221983067872005,0.19041469364327737,0.0,0.09427464485578985,0.07224852920074613,0.2634524321997418,0.18948199167742863,0.16078346965131296,0.21746305065289145,0.5559621179509255,0.4985650738986942,0.26402640264026395,0.20146362462333184,0.2264313387860526,0.07468790357296598,1
0.43313244367915044,0.5798536375376667,0.5740421868273786,0.7157411393313248,1.0,0.9419572392021812,0.686325154254556,0.706701104893098,0.3298177643851342,0.4972736404075189,0.40909743148227884,0.39051513847036873,0.48457454441096287,0.3817620892524036,0.2221983067872005,0.19041469364327737,0.0,0.09427464485578985,0.07224852920074613,0.2634524321997418,0.18948199167742863,0.16078346965131296,0.21746305065289145,0.5559621179509255,0.4985650738986942,0.26402640264026395,0.20146362462333184,0.2264313387860526,0.07468790357296598,0.12842588606686764,1
0.5798536375376667,0.5740421868273786,0.7157411393313248,1.0,0.9419572392021812,0.686325154254556,0.706701104893098,0.3298177643851342,0.4972736404075189,0.40909743148227884,0.39051513847036873,0.48457454441096287,0.3817620892524036,0.2221983067872005,0.19041469364327737,0.0,0.09427464485578985,0.07224852920074613,0.2634524321997418,0.18948199167742863,0.16078346965131296,0.21746305065289145,0.5559621179509255,0.4985650738986942,0.26402640264026395,0.20146362462333184,0.2264313387860526,0.07468790357296598,0.12842588606686764,0.2886353852776582,0
0.5740421868273786,0.7157411393313248,1.0,0.9419572392021812,0.686325154254556,0.706701104893098,0.3298177643851342,0.4972736404075189,0.40909743148227884,0.39051513847036873,0.48457454441096287,0.3817620892524036,0.2221983067872005,0.19041469364327737,0.0,0.09427464485578985,0.07224852920074613,0.2634524321997418,0.18948199167742863,0.16078346965131296,0.21746305065289145,0.5559621179509255,0.4985650738986942,0.26402640264026395,0.20146362462333184,0.2264313387860526,0.07468790357296598,0.12842588606686764,0.2886353852776582,0.1414837135887502,0
0.7157411393313248,1.0,0.9419572392021812,0.686325154254556,0.706701104893098,0.3298177643851342,0.4972736404075189,0.40909743148227884,0.39051513847036873,0.48457454441096287,0.3817620892524036,0.2221983067872005,0.19041469364327737,0.0,0.09427464485578985,0.07224852920074613,0.2634524321997418,0.18948199167742863,0.16078346965131296,0.21746305065289145,0.5559621179509255,0.4985650738986942,0.26402640264026395,0.20146362462333184,0.2264313387860526,0.07468790357296598,0.12842588606686764,0.2886353852776582,0.1414837135887502,0.09908164729516433,0
1.0,0.9524145638491854,0.7428386565496149,0.7595435562613964,0.4505617316628434,0.5878477736603729,0.515557908358332,0.5003235103817422,0.5774366213752132,0.4931474619140052,0.36233162755132053,0.33627433680371743,0.18016587259572966,0.25745544379742363,0.23939768248926532,0.39615316746073764,0.3355096759014176,0.31198164813834484,0.35844950297041356,0.6359625904358567,0.5889065349097112,0.39662372801599904,0.3453326274925004,0.3658020116463738,0.24139756484912653,0.28545379683548033,0.41679901182283396,0.2961590494676784,0.26139638844773844,0.0,1
1.0,0.7823856348867038,0.7997312648873144,0.4788981860379894,0.6214499480852622,0.546387345019239,0.5305686190679777,0.6106394674158676,0.5231173273071521,0.387283943077017,0.36022720332254315,0.19813106944359615,0.27838514627740785,0.25963476455139556,0.42240273621205643,0.35943321321688143,0.33500274842728883,0.38325291638673425,0.6714102485799791,0.6225493190007939,0.4228913455078482,0.36963293226653626,0.39088743663348197,0.2617113540585109,0.3074573993770232,0.4438404690649239,0.3185732608562878,0.2824772491296647,0.011054785317290676,0.0,1
0.9783106766457922,1.0,0.5988238888040325,0.7770734687643195,0.6832136856575532,0.6634336337253703,0.7635558270963801,0.6541163891858869,0.4842676034825112,0.4504353138842218,0.2477470597220101,0.3480983656636627,0.3246525126011914,0.5281808461890943,0.44944249274476866,0.41889414999236296,0.4792271269283642,0.8395448296929892,0.7784481441881778,0.5287918130441424,0.4621964258438979,0.488773484038491,0.3272491217351459,0.3844508935390256,0.5549870169543303,0.39835038949137014,0.3532152130746908,0.013823125095463592,0.0,0.04826638154880094,1
1.0,0.5988238888040325,0.7770734687643195,0.6832136856575532,0.6634336337253703,0.7635558270963801,0.6541163891858869,0.4842676034825112,0.4504353138842218,0.2477470597220101,0.3480983656636627,0.3246525126011914,0.5281808461890943,0.44944249274476866,0.41889414999236296,0.4792271269283642,0.8395448296929892,0.7784481441881778,0.5287918130441424,0.4621964258438979,0.488773484038491,0.3272491217351459,0.3844508935390256,0.5549870169543303,0.39835038949137014,0.3532152130746908,0.013823125095463592,0.0,0.04826638154880094,0.04918283183137314,1
0.7132720822341491,0.9255890111889383,0.813790594014373,0.7902301464568361,0.9094878559083054,0.7791321750204677,0.5768216137542073,0.5365232420631311,0.2950968798326208,0.4146274902210497,0.386700627672155,0.6291276266715183,0.535340671336305,0.49895387974165384,0.5708177931410899,1.0,0.9272264168106977,0.6298553625034112,0.5505321568270717,0.5821886655144184,0.3897935049577004,0.45792777221868475,0.6610570362958247,0.47448376239425094,0.4207222778131539,0.016465023196579665,0.0,0.057491130719548755,0.05858273446738833,0.2228690985172383,0
0.9255890111889383,0.813790594014373,0.7902301464568361,0.9094878559083054,0.7791321750204677,0.5768216137542073,0.5365232420631311,0.2950968798326208,0.4146274902210497,0.386700627672155,0.6291276266715183,0.535340671336305,0.49895387974165384,0.5708177931410899,1.0,0.9272264168106977,0.6298553625034112,0.5505321568270717,0.5821886655144184,0.3897935049577004,0.45792777221868475,0.6610570362958247,0.47448376239425094,0.4207222778131539,0.016465023196579665,0.0,0.057491130719548755,0.05858273446738833,0.2228690985172383,0.03547712180478466,0
0.8242013053933359,0.8019580900034352,0.914548265200962,0.7914805908622469,0.6004809343868088,0.5624355891446239,0.3345070422535213,0.44735486087255244,0.4209893507385779,0.6498625901751977,0.5613191343181039,0.5269666781174855,0.5948127791137068,1.0,0.9312950875987633,0.65054963929921,0.575661284781862,0.6055479216764,0.4239093095156305,0.4882342837512884,0.6800068704912402,0.5038646513225697,0.4531088972861561,0.07145310889728634,0.05590862246650652,0.11018550326348345,0.11121607694950204,0.2663174166952939,0.08940226726210922,0.0,0
0.8056304787592717,0.9161328388401889,0.7953472690492247,0.607889413351315,0.5705495616992583,0.34684760620364136,0.45760283209710045,0.4317262306136211,0.656355360755226,0.569453809844909,0.5357383681726231,0.6023263654753879,1.0,0.9325691166554282,0.6570296695886716,0.5835300067430883,0.6128624409979773,0.4345920431557654,0.49772420768712083,0.6859406608226568,0.5130647336480109,0.46325016857720847,0.08867161159811203,0.07341537424140264,0.1266857720836143,0.12769723533378294,0.2799224544841538,0.10628792987188121,0.018543492919757154,0.0,1
0.9161328388401889,0.7953472690492247,0.607889413351315,0.5705495616992583,0.34684760620364136,0.45760283209710045,0.4317262306136211,0.656355360755226,0.569453809844909,0.5357383681726231,0.6023263654753879,1.0,0.9325691166554282,0.6570296695886716,0.5835300067430883,0.6128624409979773,0.4345920431557654,0.49772420768712083,0.6859406608226568,0.5130647336480109,0.46325016857720847,0.08867161159811203,0.07341537424140264,0.1266857720836143,0.12769723533378294,0.2799224544841538,0.10628792987188121,0.018543492919757154,0.0,0.01837491571139588,0
0.7953472690492247,0.607889413351315,0.5705495616992583,0.34684760620364136,0.45760283209710045,0.4317262306136211,0.656355360755226,0.569453809844909,0.5357383681726231,0.6023263654753879,1.0,0.9325691166554282,0.6570296695886716,0.5835300067430883,0.6128624409979773,0.4345920431557654,0.49772420768712083,0.6859406608226568,0.5130647336480109,0.46325016857720847,0.08867161159811203,0.07341537424140264,0.1266857720836143,0.12769723533378294,0.2799224544841538,0.10628792987188121,0.018543492919757154,0.0,0.01837491571139588,0.020734996628455904,0
0.6114266622118277,0.5744236551954561,0.3527397260273974,0.46249582358837293,0.43685265619779495,0.6594553959238224,0.5733377881724024,0.5399264951553626,0.6059137988640162,1.0,0.9331774139659205,0.6601236217841631,0.5872870030070164,0.6163548279318412,0.4396926161042434,0.5022552622786504,0.6887738055462748,0.5174574006014034,0.46809221516872723,0.09689274974941549,0.08177413965920498,0.13456398262612776,0.135566321416639,0.2864183093885735,0.11435015035081855,0.02739726027397261,0.009021049114600839,0.027230203808887566,0.02956899432008036,0.0,1
0.5744236551954561,0.3527397260273974,0.46249582358837293,0.43685265619779495,0.6594553959238224,0.5733377881724024,0.5399264951553626,0.6059137988640162,1.0,0.9331774139659205,0.6601236217841631,0.5872870030070164,0.6163548279318412,0.4396926161042434,0.5022552622786504,0.6887738055462748,0.5174574006014034,0.46809221516872723,0.09689274974941549,0.08177413965920498,0.13456398262612776,0.135566321416639,0.2864183093885735,0.11435015035081855,0.02739726027397261,0.009021049114600839,0.027230203808887566,0.02956899432008036,0.0,0.03474774473772132,1
0.3527397260273974,0.46249582358837293,0.43685265619779495,0.6594553959238224,0.5733377881724024,0.5399264951553626,0.6059137988640162,1.0,0.9331774139659205,0.6601236217841631,0.5872870030070164,0.6163548279318412,0.4396926161042434,0.5022552622786504,0.6887738055462748,0.5174574006014034,0.46809221516872723,0.09689274974941549,0.08177413965920498,0.13456398262612776,0.135566321416639,0.2864183093885735,0.11435015035081855,0.02739726027397261,0.009021049114600839,0.027230203808887566,0.02956899432008036,0.0,0.03474774473772132,0.1431673905780155,0
0.46249582358837293,0.43685265619779495,0.6594553959238224,0.5733377881724024,0.5399264951553626,0.6059137988640162,1.0,0.9331774139659205,0.6601236217841631,0.5872870030070164,0.6163548279318412,0.4396926161042434,0.5022552622786504,0.6887738055462748,0.5174574006014034,0.46809221516872723,0.09689274974941549,0.08177413965920498,0.13456398262612776,0.135566321416639,0.2864183093885735,0.11435015035081855,0.02739726027397261,0.009021049114600839,0.027230203808887566,0.02956899432008036,0.0,0.03474774473772132,0.1431673905780155,0.04117941864350156,0
0.48601052069833045,0.6891819775863385,0.6105816878859496,0.5800869101166426,0.640314096211024,1.0,0.9390104444613859,0.6897918731417245,0.6233132576046352,0.6498437142639324,0.4886025768087216,0.545704048181749,0.7159411450789053,0.5595791720667836,0.5145231379126326,0.17572615689563173,0.1619272699550203,0.21010901883052532,0.21102386216360455,0.3487077837920257,0.19165967828009445,0.11229701913547298,0.09552489136235422,0.11214454524662659,0.11427917969047809,0.08729130136464122,0.1190058702447205,0.21796142410612188,0.12487611496531217,0.0,0
0.6936889556724268,0.6162283996994742,0.586175807663411,0.6455296769346358,1.0,0.9398948159278738,0.6942900075131481,0.6287753568745305,0.6549211119459055,0.49601803155522173,0.55229151014275,0.7200601051840722,0.5659654395191587,0.5215627347858754,0.18767843726521427,0.1740796393688957,0.22156273478587535,0.22246431254695728,0.35815176558978223,0.20338091660405705,0.12516904583020283,0.1086401202103682,0.12501878287002266,0.1271224643125471,0.10052592036063107,0.13178061607813668,0.2293012772351616,0.1375657400450789,0.014500375657400503,0.0,0
0.6686344469672397,0.6426856957508921,0.6939344794031789,1.0,0.9481024975673046,0.7360363282517028,0.6794680506000649,0.7020434641582874,0.5648394421018489,0.61342847875446,0.758287382419721,0.6252351605578982,0.5868958806357445,0.29860525462212134,0.286863444696724,0.32786247161855336,0.3286409341550438,0.4457995458968538,0.3121634771326629,0.24463185209211796,0.2303600389231268,0.24450210833603636,0.2463185209211807,0.22335387609471283,0.25034057735971443,0.3345442750567629,0.25533571196886146,0.14907557573791758,0.13655530327602974,0.0,1
0.6663233779608652,0.7141818622402618,1.0,0.95153571212213,0.7534985157811838,0.7006724419943055,0.721754407221179,0.5936269461440602,0.639001635669716,0.7742775792088206,0.6500272611619314,0.614224268492155,0.3450051493305871,0.33404010419821906,0.3723268916217363,0.37305385593990437,0.4824619858241959,0.3576664445386805,0.29460228993760224,0.28127461077118804,0.29448112921790764,0.2961773792936331,0.27473193190767553,0.2999333616041679,0.3785666686860121,0.3045980493124129,0.20536741988247414,0.19367541043193798,0.06615375295329264,0.0,1
0.7141818622402618,1.0,0.95153571212213,0.7534985157811838,0.7006724419943055,0.721754407221179,0.5936269461440602,0.639001635669716,0.7742775792088206,0.6500272611619314,0.614224268492155,0.3450051493305871,0.33404010419821906,0.3723268916217363,0.37305385593990437,0.4824619858241959,0.3576664445386805,0.29460228993760224,0.28127461077118804,0.29448112921790764,0.2961773792936331,0.27473193190767553,0.2999333616041679,0.3785666686860121,0.3045980493124129,0.20536741988247414,0.19367541043193798,0.06615375295329264,0.0,0.17489549887926337,0
1.0,0.95153571212213,0.7534985157811838,0.7006724419943055,0.721754407221179,0.5936269461440602,0.639001635669716,0.7742775792088206,0.6500272611619314,0.614224268492155,0.3450051493305871,0.33404010419821906,0.3723268916217363,0.37305385593990437,0.4824619858241959,0.3576664445386805,0.29460228993760224,0.28127461077118804,0.29448112921790764,0.2961773792936331,0.27473193190767553,0.2999333616041679,0.3785666686860121,0.3045980493124129,0.20536741988247414,0.19367541043193798,0.06615375295329264,0.0,0.17489549887926337,0.10080571878596968,0
1.0,0.7995953898970084,0.7461378126532613,0.7674717999019127,0.6378126532614027,0.6837297694948505,0.820622854340363,0.6948871996076509,0.6586562040215792,0.3862187346738598,0.37512260912211876,0.4138670917116234,0.4146027464443355,0.5253187837175086,0.3990313879352623,0.33521333987248647,0.3217263364394311,0.3350907307503679,0.3368072584600295,0.315105443845022,0.3406081412457086,0.4201814615007357,0.34532859244727804,0.24491172143207457,0.23307994114762134,0.10403384011770483,0.03708925944090238,0.21407552721922513,0.13910004904364892,0.0,1
0.9743762139548782,0.9092335275661138,0.9352308381891529,0.7772299417301658,0.8331839235021665,1.0,0.8467802181383535,0.8026296130285373,0.470640968175706,0.45711937845510237,0.5043328851038398,0.5052293440908412,0.6401464216345436,0.48625429553264593,0.4084864784102793,0.3920513969819214,0.40833706857911256,0.410428806215449,0.3839832660989092,0.41506051098162244,0.5120274914089347,0.4208127894815478,0.2984461377558643,0.2840280890482593,0.1267742417451069,0.04519647392798443,0.2608695652173913,0.16950545345883766,0.0,0.13192888092036462,1
0.9092335275661138,0.9352308381891529,0.7772299417301658,0.8331839235021665,1.0,0.8467802181383535,0.8026296130285373,0.470640968175706,0.45711937845510237,0.5043328851038398,0.5052293440908412,0.6401464216345436,0.48625429553264593,0.4084864784102793,0.3920513969819214,0.40833706857911256,0.410428806215449,0.3839832660989092,0.41506051098162244,0.5120274914089347,0.4208127894815478,0.2984461377558643,0.2840280890482593,0.1267742417451069,0.04519647392798443,0.2608695652173913,0.16950545345883766,0.0,0.13192888092036462,0.09614522635589413,1
0.9352308381891529,0.7772299417301658,0.8331839235021665,1.0,0.8467802181383535,0.8026296130285373,0.470640968175706,0.45711937845510237,0.5043328851038398,0.5052293440908412,0.6401464216345436,0.48625429553264593,0.4084864784102793,0.3920513969819214,0.40833706857911256,0.410428806215449,0.3839832660989092,0.41506051098162244,0.5120274914089347,0.4208127894815478,0.2984461377558643,0.2840280890482593,0.1267742417451069,0.04519647392798443,0.2608695652173913,0.16950545345883766,0.0,0.13192888092036462,0.09614522635589413,0.18033766621843716,1
0.7772299417301658,0.8331839235021665,1.0,0.8467802181383535,0.8026296130285373,0.470640968175706,0.45711937845510237,0.5043328851038398,0.5052293440908412,0.6401464216345436,0.48625429553264593,0.4084864784102793,0.3920513969819214,0.40833706857911256,0.410428806215449,0.3839832660989092,0.41506051098162244,0.5120274914089347,0.4208127894815478,0.2984461377558643,0.2840280890482593,0.1267742417451069,0.04519647392798443,0.2608695652173913,0.16950545345883766,0.0,0.13192888092036462,0.09614522635589413,0.18033766621843716,0.288510383983266,0
0.8331839235021665,1.0,0.8467802181383535,0.8026296130285373,0.470640968175706,0.45711937845510237,0.5043328851038398,0.5052293440908412,0.6401464216345436,0.48625429553264593,0.4084864784102793,0.3920513969819214,0.40833706857911256,0.410428806215449,0.3839832660989092,0.41506051098162244,0.5120274914089347,0.4208127894815478,0.2984461377558643,0.2840280890482593,0.1267742417451069,0.04519647392798443,0.2608695652173913,0.16950545345883766,0.0,0.13192888092036462,0.09614522635589413,0.18033766621843716,0.288510383983266,0.22605707455550578,0
1.0,0.8467802181383535,0.8026296130285373,0.470640968175706,0.45711937845510237,0.5043328851038398,0.5052293440908412,0.6401464216345436,0.48625429553264593,0.4084864784102793,0.3920513969819214,0.40833706857911256,0.410428806215449,0.3839832660989092,0.41506051098162244,0.5120274914089347,0.4208127894815478,0.2984461377558643,0.2840280890482593,0.1267742417451069,0.04519647392798443,0.2608695652173913,0.16950545345883766,0.0,0.13192888092036462,0.09614522635589413,0.18033766621843716,0.288510383983266,0.22605707455550578,0.17675183027043187,1
1.0,0.9478606087340098,0.5558006175562418,0.5398323775915307,0.5955888839876489,0.5966475518306131,0.7559770621967358,0.5742390824878693,0.4823996471107189,0.4629907366563741,0.48222320247022504,0.48469342743714167,0.4534627260696955,0.4901632112924568,0.6046757829730922,0.49695632995147765,0.35244816938685486,0.33542126157917945,0.14971327745919727,0.05337450374944858,0.30807234230260255,0.20017644464049414,0.0,0.1558006175562418,0.11354212615791785,0.21296868107631228,0.3407146007940008,0.2669607410674901,0.2087340097044553,0.31971768857520944,1
1.0,0.5863737900223381,0.5695271779597916,0.6283507073715562,0.6294676098287416,0.7975614296351452,0.605826507818317,0.5089352196574831,0.4884586746090841,0.5087490692479524,0.511355174981385,0.4784065524944154,0.5171258376768427,0.6379374534623976,0.5242926284437825,0.37183544303797467,0.3538719285182427,0.1579486224869696,0.05631049888309751,0.3250186150409531,0.21118763961280723,0.0,0.16437081161578565,0.11978778853313467,0.22468354430379744,0.35945644080416966,0.28164556962025317,0.2202159344750559,0.33730454206999244,0.3185033507073716,1
0.7156651141656254,0.6951039418380098,0.7668976485289105,0.7682608201749404,0.9734181529024196,0.7394070203339768,0.6211518800408949,0.5961603998636827,0.6209246847665568,0.624105418607293,0.5838918550494148,0.6311484721117798,0.7785982051573327,0.6398954901738042,0.45382256049074177,0.4318982165170963,0.19277519027604237,0.06872657048733381,0.3966829489946609,0.25775303873679434,0.0,0.2006134272407135,0.1462001590366919,0.27422469612632056,0.43871407474724505,0.34374645007383847,0.2687720095422016,0.41167783710098815,0.3887311143928207,1.0,1
0.6112887112887113,0.6744255744255744,0.6756243756243757,0.8560439560439561,0.6502497502497501,0.5462537462537461,0.5242757242757242,0.5460539460539461,0.5488511488511489,0.5134865134865133,0.5550449550449549,0.6847152847152848,0.5627372627372627,0.3991008991008991,0.37982017982017974,0.16953046953046966,0.060439560439560405,0.3488511488511488,0.22667332667332676,0.0,0.1764235764235765,0.12857142857142848,0.24115884115884115,0.3858141858141857,0.3022977022977023,0.23636363636363644,0.36203796203796196,0.34185814185814195,0.8794205794205795,1.0,1
0.6442408626777364,0.645386010115469,0.8177306994942266,0.6211470560167953,0.5218055157934917,0.5008111461017273,0.5216146578872031,0.5242866685752459,0.4905048191621337,0.5302032636701974,0.654070044851608,0.5375512930623151,0.3812386678118141,0.36282087985494793,0.16194293348601976,0.05773451665235229,0.33323790438018897,0.2165282946846074,0.0,0.16852753125298225,0.12281706269682212,0.23036549289054298,0.3685466170436109,0.28876801221490606,0.22578490313961264,0.34583452619524757,0.32655787766008215,0.8400610745300126,0.9552438209752839,1.0,0
0.645386010115469,0.8177306994942266,0.6211470560167953,0.5218055157934917,0.5008111461017273,0.5216146578872031,0.5242866685752459,0.4905048191621337,0.5302032636701974,0.654070044851608,0.5375512930623151,0.3812386678118141,0.36282087985494793,0.16194293348601976,0.05773451665235229,0.33323790438018897,0.2165282946846074,0.0,0.16852753125298225,0.12281706269682212,0.23036549289054298,0.3685466170436109,0.28876801221490606,0.22578490313961264,0.34583452619524757,0.32655787766008215,0.8400610745300126,0.9552438209752839,1.0,0.9937016890924707,0
0.8177306994942266,0.6211470560167953,0.5218055157934917,0.5008111461017273,0.5216146578872031,0.5242866685752459,0.4905048191621337,0.5302032636701974,0.654070044851608,0.5375512930623151,0.3812386678118141,0.36282087985494793,0.16194293348601976,0.05773451665235229,0.33323790438018897,0.2165282946846074,0.0,0.16852753125298225,0.12281706269682212,0.23036549289054298,0.3685466170436109,0.28876801221490606,0.22578490313961264,0.34583452619524757,0.32655787766008215,0.8400610745300126,0.9552438209752839,1.0,0.9937016890924707,0.8627731653783759,1
0.6211470560167953,0.5218055157934917,0.5008111461017273,0.5216146578872031,0.5242866685752459,0.4905048191621337,0.5302032636701974,0.654070044851608,0.5375512930623151,0.3812386678118141,0.36282087985494793,0.16194293348601976,0.05773451665235229,0.33323790438018897,0.2165282946846074,0.0,0.16852753125298225,0.12281706269682212,0.23036549289054298,0.3685466170436109,0.28876801221490606,0.22578490313961264,0.34583452619524757,0.32655787766008215,0.8400610745300126,0.9552438209752839,1.0,0.9937016890924707,0.8627731653783759,0.9326271590800649,1
0.5085565476190476,0.48809523809523814,0.5083705357142858,0.5109747023809526,0.4780505952380952,0.5167410714285713,0.6374627976190477,0.5239025297619048,0.3715587797619048,0.35360863095238093,0.15783110119047633,0.056268601190476164,0.32477678571428575,0.21103050595238107,0.0,0.164248511904762,0.11969866071428563,0.22451636904761907,0.359188988095238,0.281436011904762,0.22005208333333345,0.3370535714285714,0.3182663690476192,0.818731398809524,0.9309895833333335,0.9746093750000001,0.9684709821428573,0.8408668154761906,0.9089471726190477,1.0,0
0.48809523809523814,0.5083705357142858,0.5109747023809526,0.4780505952380952,0.5167410714285713,0.6374627976190477,0.5239025297619048,0.3715587797619048,0.35360863095238093,0.15783110119047633,0.056268601190476164,0.32477678571428575,0.21103050595238107,0.0,0.164248511904762,0.11969866071428563,0.22451636904761907,0.359188988095238,0.281436011904762,0.22005208333333345,0.3370535714285714,0.3182663690476192,0.818731398809524,0.9309895833333335,0.9746093750000001,0.9684709821428573,0.8408668154761906,0.9089471726190477,1.0,0.8186383928571429,0
0.5083705357142858,0.5109747023809526,0.4780505952380952,0.5167410714285713,0.6374627976190477,0.5239025297619048,0.3715587797619048,0.35360863095238093,0.15783110119047633,0.056268601190476164,0.32477678571428575,0.21103050595238107,0.0,0.164248511904762,0.11969866071428563,0.22451636904761907,0.359188988095238,0.281436011904762,0.22005208333333345,0.3370535714285714,0.3182663690476192,0.818731398809524,0.9309895833333335,0.9746093750000001,0.9684709821428573,0.8408668154761906,0.9089471726190477,1.0,0.8186383928571429,0.6508556547619049,1
0.5109747023809526,0.4780505952380952,0.5167410714285713,0.6374627976190477,0.5239025297619048,0.3715587797619048,0.35360863095238093,0.15783110119047633,0.056268601190476164,0.32477678571428575,0.21103050595238107,0.0,0.164248511904762,0.11969866071428563,0.22451636904761907,0.359188988095238,0.281436011904762,0.22005208333333345,0.3370535714285714,0.3182663690476192,0.818731398809524,0.9309895833333335,0.9746093750000001,0.9684709821428573,0.8408668154761906,0.9089471726190477,1.0,0.8186383928571429,0.6508556547619049,0.7810639880952381,1
0.4780505952380952,0.5167410714285713,0.6374627976190477,0.5239025297619048,0.3715587797619048,0.35360863095238093,0.15783110119047633,0.056268601190476164,0.32477678571428575,0.21103050595238107,0.0,0.164248511904762,0.11969866071428563,0.22451636904761907,0.359188988095238,0.281436011904762,0.22005208333333345,0.3370535714285714,0.3182663690476192,0.818731398809524,0.9309895833333335,0.9746093750000001,0.9684709821428573,0.8408668154761906,0.9089471726190477,1.0,0.8186383928571429,0.6508556547619049,0.7810639880952381,0.7820870535714285,1
0.5167410714285713,0.6374627976190477,0.5239025297619048,0.3715587797619048,0.35360863095238093,0.15783110119047633,0.056268601190476164,0.32477678571428575,0.21103050595238107,0.0,0.164248511904762,0.11969866071428563,0.22451636904761907,0.359188988095238,0.281436011904762,0.22005208333333345,0.3370535714285714,0.3182663690476192,0.818731398809524,0.9309895833333335,0.9746093750000001,0.9684709821428573,0.8408668154761906,0.9089471726190477,1.0,0.8186383928571429,0.6508556547619049,0.7810639880952381,0.7820870535714285,0.8849516369047619,0
0.6374627976190477,0.5239025297619048,0.3715587797619048,0.35360863095238093,0.15783110119047633,0.056268601190476164,0.32477678571428575,0.21103050595238107,0.0,0.164248511904762,0.11969866071428563,0.22451636904761907,0.359188988095238,0.281436011904762,0.22005208333333345,0.3370535714285714,0.3182663690476192,0.818731398809524,0.9309895833333335,0.9746093750000001,0.9684709821428573,0.8408668154761906,0.9089471726190477,1.0,0.8186383928571429,0.6508556547619049,0.7810639880952381,0.7820870535714285,0.8849516369047619,0.8894159226190478,0
0.5239025297619048,0.3715587797619048,0.35360863095238093,0.15783110119047633,0.056268601190476164,0.32477678571428575,0.21103050595238107,0.0,0.164248511904762,0.11969866071428563,0.22451636904761907,0.359188988095238,0.281436011904762,0.22005208333333345,0.3370535714285714,0.3182663690476192,0.818731398809524,0.9309895833333335,0.9746093750000001,0.9684709821428573,0.8408668154761906,0.9089471726190477,1.0,0.8186383928571429,0.6508556547619049,0.7810639880952381,0.7820870535714285,0.8849516369047619,0.8894159226190478,0.8488653273809523,0
0.3715587797619048,0.35360863095238093,0.15783110119047633,0.056268601190476164,0.32477678571428575,0.21103050595238107,0.0,0.164248511904762,0.11969866071428563,0.22451636904761907,0.359188988095238,0.281436011904762,0.22005208333333345,0.3370535714285714,0.3182663690476192,0.818731398809524,0.9309895833333335,0.9746093750000001,0.9684709821428573,0.8408668154761906,0.9089471726190477,1.0,0.8186383928571429,0.6508556547619049,0.7810639880952381,0.7820870535714285,0.8849516369047619,0.8894159226190478,0.8488653273809523,0.7214471726190477,1
0.35360863095238093,0.15783110119047633,0.056268601190476164,0.32477678571428575,0.21103050595238107,0.0,0.164248511904762,0.11969866071428563,0.22451636904761907,0.359188988095238,0.281436011904762,0.22005208333333345,0.3370535714285714,0.3182663690476192,0.818731398809524,0.9309895833333335,0.9746093750000001,0.9684709821428573,0.8408668154761906,0.9089471726190477,1.0,0.8186383928571429,0.6508556547619049,0.7810639880952381,0.7820870535714285,0.8849516369047619,0.8894159226190478,0.8488653273809523,0.7214471726190477,0.78515625,1
0.15783110119047633,0.056268601190476164,0.32477678571428575,0.21103050595238107,0.0,0.164248511904762,0.11969866071428563,0.22451636904761907,0.359188988095238,0.281436011904762,0.22005208333333345,0.3370535714285714,0.3182663690476192,0.818731398809524,0.9309895833333335,0.9746093750000001,0.9684709821428573,0.8408668154761906,0.9089471726190477,1.0,0.8186383928571429,0.6508556547619049,0.7810639880952381,0.7820870535714285,0.8849516369047619,0.8894159226190478,0.8488653273809523,0.7214471726190477,0.78515625,0.8112909226190477,0
0.056268601190476164,0.32477678571428575,0.21103050595238107,0.0,0.164248511904762,0.11969866071428563,0.22451636904761907,0.359188988095238,0.281436011904762,0.22005208333333345,0.3370535714285714,0.3182663690476192,0.818731398809524,0.9309895833333335,0.9746093750000001,0.9684709821428573,0.8408668154761906,0.9089471726190477,1.0,0.8186383928571429,0.6508556547619049,0.7810639880952381,0.7820870535714285,0.8849516369047619,0.8894159226190478,0.8488653273809523,0.7214471726190477,0.78515625,0.8112909226190477,0.7934337797619047,1
0.32477678571428575,0.21103050595238107,0.0,0.164248511904762,0.11969866071428563,0.22451636904761907,0.359188988095238,0.281436011904762,0.22005208333333345,0.3370535714285714,0.3182663690476192,0.818731398809524,0.9309895833333335,0.9746093750000001,0.9684709821428573,0.8408668154761906,0.9089471726190477,1.0,0.8186383928571429,0.6508556547619049,0.7810639880952381,0.7820870535714285,0.8849516369047619,0.8894159226190478,0.8488653273809523,0.7214471726190477,0.78515625,0.8112909226190477,0.7934337797619047,0.8228236607142859,0
0.21103050595238107,0.0,0.164248511904762,0.11969866071428563,0.22451636904761907,0.359188988095238,0.281436011904762,0.22005208333333345,0.3370535714285714,0.3182663690476192,0.818731398809524,0.9309895833333335,0.9746093750000001,0.9684709821428573,0.8408668154761906,0.9089471726190477,1.0,0.8186383928571429,0.6508556547619049,0.7810639880952381,0.7820870535714285,0.8849516369047619,0.8894159226190478,0.8488653273809523,0.7214471726190477,0.78515625,0.8112909226190477,0.7934337797619047,0.8228236607142859,0.7984561011904763,0
0.0,0.164248511904762,0.11969866071428563,0.22451636904761907,0.359188988095238,0.281436011904762,0.22005208333333345,0.3370535714285714,0.3182663690476192,0.818731398809524,0.9309895833333335,0.9746093750000001,0.9684709821428573,0.8408668154761906,0.9089471726190477,1.0,0.8186383928571429,0.6508556547619049,0.7810639880952381,0.7820870535714285,0.8849516369047619,0.8894159226190478,0.8488653273809523,0.7214471726190477,0.78515625,0.8112909226190477,0.7934337797619047,0.8228236607142859,0.7984561011904763,0.6628534226190476,0
0.05060750132065526,0.0,0.1190702588483889,0.2720549392498679,0.18372952984680416,0.11399894347596429,0.2469096671949287,0.2255678816693082,0.794083465398838,0.9216059165346013,0.9711568938193345,0.9641838351822506,0.8192287374537772,0.8965662968832542,1.0,0.7939778129952456,0.6033808769149499,0.7512942419440043,0.7524564183835182,0.8693079767564712,0.8743792921288961,0.8283148441627047,0.6835710512414159,0.7559429477020603,0.7856312731114634,0.7653460116217643,0.798732171156894,0.7710512414157423,0.6170100369783412,0.5033280507131539,0
0.0,0.1190702588483889,0.2720549392498679,0.18372952984680416,0.11399894347596429,0.2469096671949287,0.2255678816693082,0.794083465398838,0.9216059165346013,0.9711568938193345,0.9641838351822506,0.8192287374537772,0.8965662968832542,1.0,0.7939778129952456,0.6033808769149499,0.7512942419440043,0.7524564183835182,0.8693079767564712,0.8743792921288961,0.8283148441627047,0.6835710512414159,0.7559429477020603,0.7856312731114634,0.7653460116217643,0.798732171156894,0.7710512414157423,0.6170100369783412,0.5033280507131539,0.4047543581616482,1
0.005723825423324468,0.17839255902694948,0.07870259957071304,0.0,0.15001192463629842,0.125924159313141,0.7675888385404247,0.9115191986644409,0.9674457429048415,0.9595754829477703,0.7959694729310758,0.8832578106367757,1.0,0.7674695921774386,0.5523491533508228,0.7192940615311233,0.7206057715239684,0.8524922489864059,0.8582160744097307,0.8062246601478654,0.6428571428571429,0.7245409015025042,0.7580491295015502,0.7351538278082517,0.7728356785118056,0.7415931314094921,0.5677319341760075,0.4394228476031481,0.3281659909372763,0.45528261388027647,0
0.17839255902694948,0.07870259957071304,0.0,0.15001192463629842,0.125924159313141,0.7675888385404247,0.9115191986644409,0.9674457429048415,0.9595754829477703,0.7959694729310758,0.8832578106367757,1.0,0.7674695921774386,0.5523491533508228,0.7192940615311233,0.7206057715239684,0.8524922489864059,0.8582160744097307,0.8062246601478654,0.6428571428571429,0.7245409015025042,0.7580491295015502,0.7351538278082517,0.7728356785118056,0.7415931314094921,0.5677319341760075,0.4394228476031481,0.3281659909372763,0.45528261388027647,0.34271404722155957,1
0.07870259957071304,0.0,0.15001192463629842,0.125924159313141,0.7675888385404247,0.9115191986644409,0.9674457429048415,0.9595754829477703,0.7959694729310758,0.8832578106367757,1.0,0.7674695921774386,0.5523491533508228,0.7192940615311233,0.7206057715239684,0.8524922489864059,0.8582160744097307,0.8062246601478654,0.6428571428571429,0.7245409015025042,0.7580491295015502,0.7351538278082517,0.7728356785118056,0.7415931314094921,0.5677319341760075,0.4394228476031481,0.3281659909372763,0.45528261388027647,0.34271404722155957,0.47650846649177186,0
0.0,0.15001192463629842,0.125924159313141,0.7675888385404247,0.9115191986644409,0.9674457429048415,0.9595754829477703,0.7959694729310758,0.8832578106367757,1.0,0.7674695921774386,0.5523491533508228,0.7192940615311233,0.7206057715239684,0.8524922489864059,0.8582160744097307,0.8062246601478654,0.6428571428571429,0.7245409015025042,0.7580491295015502,0.7351538278082517,0.7728356785118056,0.7415931314094921,0.5677319341760075,0.4394228476031481,0.3281659909372763,0.45528261388027647,0.34271404722155957,0.47650846649177186,0.348676365370856,0
0.027557980900409035,0.0,0.7341064120054572,0.8987721691678037,0.9627557980900411,0.9537517053206005,0.7665757162346523,0.8664392905866304,1.0,0.7339699863574352,0.4878581173260573,0.6788540245566167,0.6803547066848565,0.8312414733969985,0.8377899045020465,0.7783083219645293,0.5914051841746248,0.684856753069577,0.7231923601637108,0.6969986357435196,0.7401091405184176,0.7043656207366986,0.505457025920873,0.35866302864938604,0.23137789904502024,0.376807639836289,0.24802182810368326,0.4010914051841744,0.25484311050477465,0.22141882673942692,0
0.0,0.7341064120054572,0.8987721691678037,0.9627557980900411,0.9537517053206005,0.7665757162346523,0.8664392905866304,1.0,0.7339699863574352,0.4878581173260573,0.6788540245566167,0.6803547066848565,0.8312414733969985,0.8377899045020465,0.7783083219645293,0.5914051841746248,0.684856753069577,0.7231923601637108,0.6969986357435196,0.7401091405184176,0.7043656207366986,0.505457025920873,0.35866302864938604,0.23137789904502024,0.376807639836289,0.24802182810368326,0.4010914051841744,0.25484311050477465,0.22141882673942692,0.02114597544338313,1
0.7283623693379794,0.8965853658536587,0.9619512195121953,0.9527526132404183,0.7615331010452964,0.8635540069686413,1.0,0.7282229965156795,0.4767944250871081,0.6719163763066203,0.6734494773519163,0.827595818815331,0.8342857142857145,0.7735191637630662,0.5825783972125437,0.6780487804878049,0.7172125435540071,0.6904529616724737,0.734494773519164,0.6979790940766553,0.49477351916376305,0.3448083623693381,0.21477351916376303,0.36334494773519155,0.23177700348432048,0.3881533101045295,0.2387456445993031,0.2045993031358886,0.0,0.047108013937282166,0
0.8965853658536587,0.9619512195121953,0.9527526132404183,0.7615331010452964,0.8635540069686413,1.0,0.7282229965156795,0.4767944250871081,0.6719163763066203,0.6734494773519163,0.827595818815331,0.8342857142857145,0.7735191637630662,0.5825783972125437,0.6780487804878049,0.7172125435540071,0.6904529616724737,0.734494773519164,0.6979790940766553,0.49477351916376305,0.3448083623693381,0.21477351916376303,0.36334494773519155,0.23177700348432048,0.3881533101045295,0.2387456445993031,0.2045993031358886,0.0,0.047108013937282166,0.06062717770034835,0
0.9658237356034053,0.9575613420130197,0.7858037055583377,0.877441161742614,1.0,0.7558838257386079,0.5300450676014021,0.7053079619429145,0.7066850275413119,0.8451427140711066,0.8511517275913872,0.7965698547821732,0.6250625938908364,0.7108162243365048,0.7459939909864798,0.7219579369053579,0.761517275913871,0.7287180771156736,0.5461942914371557,0.4114922383575364,0.29469203805708555,0.42814221331997987,0.3099649474211316,0.4504256384576864,0.31622433650475706,0.28555332999499256,0.10177766649974958,0.1440911367050575,0.15623435152729082,0.0,1
0.9575613420130197,0.7858037055583377,0.877441161742614,1.0,0.7558838257386079,0.5300450676014021,0.7053079619429145,0.7066850275413119,0.8451427140711066,0.8511517275913872,0.7965698547821732,0.6250625938908364,0.7108162243365048,0.7459939909864798,0.7219579369053579,0.761517275913871,0.7287180771156736,0.5461942914371557,0.4114922383575364,0.29469203805708555,0.42814221331997987,0.3099649474211316,0.4504256384576864,0.31622433650475706,0.28555332999499256,0.10177766649974958,0.1440911367050575,0.15623435152729082,0.0,0.013770655983975894,1
0.7858037055583377,0.877441161742614,1.0,0.7558838257386079,0.5300450676014021,0.7053079619429145,0.7066850275413119,0.8451427140711066,0.8511517275913872,0.7965698547821732,0.6250625938908364,0.7108162243365048,0.7459939909864798,0.7219579369053579,0.761517275913871,0.7287180771156736,0.5461942914371557,0.4114922383575364,0.29469203805708555,0.42814221331997987,0.3099649474211316,0.4504256384576864,0.31622433650475706,0.28555332999499256,0.10177766649974958,0.1440911367050575,0.15623435152729082,0.0,0.013770655983975894,0.10227841762643951,1
0.877441161742614,1.0,0.7558838257386079,0.5300450676014021,0.7053079619429145,0.7066850275413119,0.8451427140711066,0.8511517275913872,0.7965698547821732,0.6250625938908364,0.7108162243365048,0.7459939909864798,0.7219579369053579,0.761517275913871,0.7287180771156736,0.5461942914371557,0.4114922383575364,0.29469203805708555,0.42814221331997987,0.3099649474211316,0.4504256384576864,0.31622433650475706,0.28555332999499256,0.10177766649974958,0.1440911367050575,0.15623435152729082,0.0,0.013770655983975894,0.10227841762643951,0.19842263395092632,0
1.0,0.7558838257386079,0.5300450676014021,0.7053079619429145,0.7066850275413119,0.8451427140711066,0.8511517275913872,0.7965698547821732,0.6250625938908364,0.7108162243365048,0.7459939909864798,0.7219579369053579,0.761517275913871,0.7287180771156736,0.5461942914371557,0.4114922383575364,0.29469203805708555,0.42814221331997987,0.3099649474211316,0.4504256384576864,0.31622433650475706,0.28555332999499256,0.10177766649974958,0.1440911367050575,0.15623435152729082,0.0,0.013770655983975894,0.10227841762643951,0.19842263395092632,0.20130195292939426,0
0.8880717752610676,0.6227386380350051,0.8286512722459185,0.830269157229004,0.9929401382556255,1.0,0.9358729224886011,0.7343727018679218,0.8351228121782615,0.8764524194734519,0.848212972495955,0.8946903956464186,0.8561553169583762,0.6417120164730106,0.483453449036623,0.3462273863803499,0.5030151492866596,0.3641712016473009,0.5291954699220471,0.37152522429769064,0.335490513310781,0.11957640829533747,0.1692896014119722,0.1835564053537283,0.0,0.016178849830857392,0.12016473010736853,0.23312251801735537,0.23650536843653494,0.15737608471834075,1
0.6227386380350051,0.8286512722459185,0.830269157229004,0.9929401382556255,1.0,0.9358729224886011,0.7343727018679218,0.8351228121782615,0.8764524194734519,0.848212972495955,0.8946903956464186,0.8561553169583762,0.6417120164730106,0.483453449036623,0.3462273863803499,0.5030151492866596,0.3641712016473009,0.5291954699220471,0.37152522429769064,0.335490513310781,0.11957640829533747,0.1692896014119722,0.1835564053537283,0.0,0.016178849830857392,0.12016473010736853,0.23312251801735537,0.23650536843653494,0.15737608471834075,0.21856155316958392,0
0.8286512722459185,0.830269157229004,0.9929401382556255,1.0,0.9358729224886011,0.7343727018679218,0.8351228121782615,0.8764524194734519,0.848212972495955,0.8946903956464186,0.8561553169583762,0.6417120164730106,0.483453449036623,0.3462273863803499,0.5030151492866596,0.3641712016473009,0.5291954699220471,0.37152522429769064,0.335490513310781,0.11957640829533747,0.1692896014119722,0.1835564053537283,0.0,0.016178849830857392,0.12016473010736853,0.23312251801735537,0.23650536843653494,0.15737608471834075,0.21856155316958392,0.09795558170319159,0
0.830269157229004,0.9929401382556255,1.0,0.9358729224886011,0.7343727018679218,0.8351228121782615,0.8764524194734519,0.848212972495955,0.8946903956464186,0.8561553169583762,0.6417120164730106,0.483453449036623,0.3462273863803499,0.5030151492866596,0.3641712016473009,0.5291954699220471,0.37152522429769064,0.335490513310781,0.11957640829533747,0.1692896014119722,0.1835564053537283,0.0,0.016178849830857392,0.12016473010736853,0.23312251801735537,0.23650536843653494,0.15737608471834075,0.21856155316958392,0.09795558170319159,0.10457420208854262,0
0.993309172010036,1.0,0.9392249790911623,0.7482575968776136,0.843741287984388,0.8829105101756342,0.8561471982157789,0.9001951491497073,0.8636743797044885,0.6604404795093392,0.5104544187343184,0.38040144967939765,0.5289935879565094,0.39740730415388886,0.5538054084192917,0.40437691664343445,0.37022581544466127,0.16559799275160292,0.21271257318093098,0.2262336214106494,0.05227209367159185,0.06760524114859205,0.16615556175076646,0.2732088095901867,0.2764148313353779,0.2014218009478671,0.2594089768608867,0.14510733203233894,0.1513799832729302,0.0,0
1.0,0.9488142756515613,0.7879783986851373,0.8683963371683493,0.9013853017140173,0.8788447992486497,0.9159427095562339,0.8851843155670345,0.7140173749706502,0.5876966424043203,0.4781638882366751,0.6033106362996007,0.4924864991782107,0.6242075604602018,0.4983564216952335,0.469593801361822,0.2972528762620332,0.33693355247710716,0.3483212021601313,0.20180793613524298,0.21472176567269302,0.297722470063395,0.38788447992486486,0.39058464428269557,0.3274242779995302,0.37626203334116,0.2799953040619863,0.285278234327307,0.15778351725757217,0.0,0
1.0,0.8385385975250443,0.9192692987625222,0.9523865645256335,0.929758397171479,0.9670005892751917,0.9361225692398352,0.7642899233942251,0.6374779021803183,0.5275191514437242,0.6531526222746021,0.5418974661166764,0.6741308190925162,0.5477902180318208,0.5189157336476135,0.34590453741897464,0.3857395403653505,0.3971714790807306,0.2500883912787272,0.2630524454920447,0.3463759575721861,0.4368886269888037,0.43959929286977034,0.3761932822628166,0.4252209781968181,0.32857984678845015,0.33388332351208033,0.20589275191514436,0.04749558043606366,0.0,0
0.8900322841000806,0.959140435835351,0.9874899112187246,0.9681194511702984,1.0,0.9735673930589185,0.8264729620661823,0.7179176755447941,0.6237893462469731,0.7313357546408391,0.636097659402744,0.7492937853107342,0.641142050040355,0.6164245359160613,0.4683212267958029,0.5024213075060531,0.5122074253430183,0.3862994350282485,0.3973970944309926,0.46872477804681173,0.5462066182405164,0.5485270379338176,0.4942493946731233,0.5362187247780469,0.45349071832122667,0.45803066989507674,0.3484665052461662,0.21287328490718316,0.17221549636803865,0.0,1
0.959140435835351,0.9874899112187246,0.9681194511702984,1.0,0.9735673930589185,0.8264729620661823,0.7179176755447941,0.6237893462469731,0.7313357546408391,0.636097659402744,0.7492937853107342,0.641142050040355,0.6164245359160613,0.4683212267958029,0.5024213075060531,0.5122074253430183,0.3862994350282485,0.3973970944309926,0.46872477804681173,0.5462066182405164,0.5485270379338176,0.4942493946731233,0.5362187247780469,0.45349071832122667,0.45803066989507674,0.3484665052461662,0.21287328490718316,0.17221549636803865,0.0,0.03954802259886993,0
0.9874899112187246,0.9681194511702984,1.0,0.9735673930589185,0.8264729620661823,0.7179176755447941,0.6237893462469731,0.7313357546408391,0.636097659402744,0.7492937853107342,0.641142050040355,0.6164245359160613,0.4683212267958029,0.5024213075060531,0.5122074253430183,0.3862994350282485,0.3973970944309926,0.46872477804681173,0.5462066182405164,0.5485270379338176,0.4942493946731233,0.5362187247780469,0.45349071832122667,0.45803066989507674,0.3484665052461662,0.21287328490718316,0.17221549636803865,0.0,0.03954802259886993,0.019471347861178295,1
0.9681194511702984,1.0,0.9735673930589185,0.8264729620661823,0.7179176755447941,0.6237893462469731,0.7313357546408391,0.636097659402744,0.7492937853107342,0.641142050040355,0.6164245359160613,0.4683212267958029,0.5024213075060531,0.5122074253430183,0.3862994350282485,0.3973970944309926,0.46872477804681173,0.5462066182405164,0.5485270379338176,0.4942493946731233,0.5362187247780469,0.45349071832122667,0.45803066989507674,0.3484665052461662,0.21287328490718316,0.17221549636803865,0.0,0.03954802259886993,0.019471347861178295,0.0054479418886197745,1
1.0,0.9735673930589185,0.8264729620661823,0.7179176755447941,0.6237893462469731,0.7313357546408391,0.636097659402744,0.7492937853107342,0.641142050040355,0.6164245359160613,0.4683212267958029,0.5024213075060531,0.5122074253430183,0.3862994350282485,0.3973970944309926,0.46872477804681173,0.5462066182405164,0.5485270379338176,0.4942493946731233,0.5362187247780469,0.45349071832122667,0.45803066989507674,0.3484665052461662,0.21287328490718316,0.17221549636803865,0.0,0.03954802259886993,0.019471347861178295,0.0054479418886197745,0.046711057304277596,1
1.0,0.8489119170984455,0.7374093264248704,0.6407253886010361,0.7511917098445594,0.6533678756476682,0.7696373056994816,0.6585492227979273,0.633160621761658,0.4810362694300517,0.516062176165803,0.5261139896373055,0.3967875647668393,0.40818652849740916,0.4814507772020723,0.5610362694300517,0.5634196891191711,0.5076683937823833,0.5507772020725389,0.46580310880829,0.4704663212435234,0.35792746113989626,0.21865284974093258,0.1768911917098445,0.0,0.040621761658030955,0.019999999999999924,0.00559585492227971,0.04797927461139892,0.20507772020725382,0
1.0,0.8686523437500001,0.7547607421874999,0.8848876953124999,0.7696533203124999,0.9066162109374999,0.7757568359374999,0.745849609375,0.5666503906249999,0.6079101562499999,0.6197509765624999,0.4674072265625,0.4808349609374999,0.5671386718749999,0.6608886718749999,0.6636962890625001,0.5980224609374999,0.6488037109375002,0.5487060546875,0.5541992187500001,0.42163085937499994,0.25756835937499994,0.20837402343749994,0.0,0.047851562499999854,0.023559570312499913,0.006591796874999904,0.05651855468749995,0.24157714843749994,0.04553222656249988,0
0.9581257573717519,0.8325030294870068,0.976033391679009,0.8489295812575737,1.0,0.8556617746061667,0.8226740271980613,0.6250168304833714,0.67052645751986,0.6835869126161302,0.5155513666352498,0.5303621920021543,0.6255554059512588,0.728961895785647,0.732058704726,0.6596203042951393,0.7156321529554331,0.6052241820385081,0.611283156052242,0.4650599165208025,0.2840985593106234,0.22983708092096403,0.0,0.052780395852968745,0.025986266325568778,0.007270768816480304,0.06234011040797087,0.2664602127373098,0.05022216238050344,0.05991652080247731,0
0.8358839050131927,0.9765171503957784,0.8519788918205805,1.0,0.858575197889182,0.8262532981530344,0.6325857519788918,0.6771767810026385,0.6899736147757255,0.5253298153034301,0.5398416886543536,0.6331134564643799,0.7344327176781003,0.7374670184696572,0.6664907651715039,0.7213720316622694,0.6131926121372032,0.6191292875989448,0.4758575197889182,0.2985488126649077,0.24538258575197888,0.020184696569920862,0.07189973614775712,0.045646437994722885,0.02730870712401047,0.08126649076517148,0.28126649076517146,0.06939313984168854,0.07889182058047482,0.0,1
0.9765171503957784,0.8519788918205805,1.0,0.858575197889182,0.8262532981530344,0.6325857519788918,0.6771767810026385,0.6899736147757255,0.5253298153034301,0.5398416886543536,0.6331134564643799,0.7344327176781003,0.7374670184696572,0.6664907651715039,0.7213720316622694,0.6131926121372032,0.6191292875989448,0.4758575197889182,0.2985488126649077,0.24538258575197888,0.020184696569920862,0.07189973614775712,0.045646437994722885,0.02730870712401047,0.08126649076517148,0.28126649076517146,0.06939313984168854,0.07889182058047482,0.0,0.04102902374670185,1
0.8519788918205805,1.0,0.858575197889182,0.8262532981530344,0.6325857519788918,0.6771767810026385,0.6899736147757255,0.5253298153034301,0.5398416886543536,0.6331134564643799,0.7344327176781003,0.7374670184696572,0.6664907651715039,0.7213720316622694,0.6131926121372032,0.6191292875989448,0.4758575197889182,0.2985488126649077,0.24538258575197888,0.020184696569920862,0.07189973614775712,0.045646437994722885,0.02730870712401047,0.08126649076517148,0.28126649076517146,0.06939313984168854,0.07889182058047482,0.0,0.04102902374670185,0.059630606860158274,0
1.0,0.858575197889182,0.8262532981530344,0.6325857519788918,0.6771767810026385,0.6899736147757255,0.5253298153034301,0.5398416886543536,0.6331134564643799,0.7344327176781003,0.7374670184696572,0.6664907651715039,0.7213720316622694,0.6131926121372032,0.6191292875989448,0.4758575197889182,0.2985488126649077,0.24538258575197888,0.020184696569920862,0.07189973614775712,0.045646437994722885,0.02730870712401047,0.08126649076517148,0.28126649076517146,0.06939313984168854,0.07889182058047482,0.0,0.04102902374670185,0.059630606860158274,0.024274406332453688,1
1.0,0.9623540258143825,0.7367854947756607,0.7887215734480638,0.8036263060848187,0.6118623232944069,0.6287645974185617,0.7374001229256298,0.8554087277197295,0.8589428395820532,0.7762753534111861,0.8401966810079905,0.7141979102642901,0.7211124769514446,0.5542409342347879,0.3477258758451137,0.28580208973570986,0.023509526736324546,0.08374308543331269,0.05316533497234165,0.03180700676090955,0.09465273509526734,0.3275968039336201,0.0808236017209587,0.09188690842040552,0.0,0.04778733866011064,0.06945298094652731,0.028272894898586195,0.0170559311616472,1
1.0,0.765607536324445,0.819575283410506,0.8350630688168608,0.6357975411144818,0.6533610091010696,0.7662462078875936,0.8888711480121346,0.8925435095002396,0.8066421842567457,0.8730640268242058,0.7421363563787321,0.7493214114641548,0.5759220820692958,0.36132843685134913,0.29698227686412254,0.024429187290435913,0.0870190004790035,0.0552450902123582,0.03305125339294257,0.09835542072489217,0.3404119431582308,0.08398531055404744,0.09548139869072314,0.0,0.04965671403480759,0.07216988663579749,0.029378891904837768,0.017723135877375052,0.08206929586460164,1
0.85778175313059,0.9182468694096597,0.9355992844364933,0.7123434704830052,0.7320214669051875,0.8584973166368511,0.9958855098389979,1.0,0.9037567084078708,0.978175313059034,0.8314847942754917,0.8395348837209302,0.6452593917710195,0.4048300536672628,0.33273703041144886,0.02737030411449018,0.09749552772808566,0.06189624329159201,0.037030411449015976,0.11019677996422175,0.38139534883720916,0.09409660107334508,0.10697674418604632,0.0,0.055635062611806785,0.08085867620751334,0.03291592128801411,0.019856887298747752,0.09194991055456171,0.2896243291592128,0
0.9182468694096597,0.9355992844364933,0.7123434704830052,0.7320214669051875,0.8584973166368511,0.9958855098389979,1.0,0.9037567084078708,0.978175313059034,0.8314847942754917,0.8395348837209302,0.6452593917710195,0.4048300536672628,0.33273703041144886,0.02737030411449018,0.09749552772808566,0.06189624329159201,0.037030411449015976,0.11019677996422175,0.38139534883720916,0.09409660107334508,0.10697674418604632,0.0,0.055635062611806785,0.08085867620751334,0.03291592128801411,0.019856887298747752,0.09194991055456171,0.2896243291592128,0.21824686940965987,1
0.9355992844364933,0.7123434704830052,0.7320214669051875,0.8584973166368511,0.9958855098389979,1.0,0.9037567084078708,0.978175313059034,0.8314847942754917,0.8395348837209302,0.6452593917710195,0.4048300536672628,0.33273703041144886,0.02737030411449018,0.09749552772808566,0.06189624329159201,0.037030411449015976,0.11019677996422175,0.38139534883720916,0.09409660107334508,0.10697674418604632,0.0,0.055635062611806785,0.08085867620751334,0.03291592128801411,0.019856887298747752,0.09194991055456171,0.2896243291592128,0.21824686940965987,0.23506261180679783,1
0.7123434704830052,0.7320214669051875,0.8584973166368511,0.9958855098389979,1.0,0.9037567084078708,0.978175313059034,0.8314847942754917,0.8395348837209302,0.6452593917710195,0.4048300536672628,0.33273703041144886,0.02737030411449018,0.09749552772808566,0.06189624329159201,0.037030411449015976,0.11019677996422175,0.38139534883720916,0.09409660107334508,0.10697674418604632,0.0,0.055635062611806785,0.08085867620751334,0.03291592128801411,0.019856887298747752,0.09194991055456171,0.2896243291592128,0.21824686940965987,0.23506261180679783,0.3379248658318423,0
0.7320214669051875,0.8584973166368511,0.9958855098389979,1.0,0.9037567084078708,0.978175313059034,0.8314847942754917,0.8395348837209302,0.6452593917710195,0.4048300536672628,0.33273703041144886,0.02737030411449018,0.09749552772808566,0.06189624329159201,0.037030411449015976,0.11019677996422175,0.38139534883720916,0.09409660107334508,0.10697674418604632,0.0,0.055635062611806785,0.08085867620751334,0.03291592128801411,0.019856887298747752,0.09194991055456171,0.2896243291592128,0.21824686940965987,0.23506261180679783,0.3379248658318423,0.2717352415026833,1
0.8584973166368511,0.9958855098389979,1.0,0.9037567084078708,0.978175313059034,0.8314847942754917,0.8395348837209302,0.6452593917710195,0.4048300536672628,0.33273703041144886,0.02737030411449018,0.09749552772808566,0.06189624329159201,0.037030411449015976,0.11019677996422175,0.38139534883720916,0.09409660107334508,0.10697674418604632,0.0,0.055635062611806785,0.08085867620751334,0.03291592128801411,0.019856887298747752,0.09194991055456171,0.2896243291592128,0.21824686940965987,0.23506261180679783,0.3379248658318423,0.2717352415026833,0.3538461538461538,1
0.9958855098389979,1.0,0.9037567084078708,0.978175313059034,0.8314847942754917,0.8395348837209302,0.6452593917710195,0.4048300536672628,0.33273703041144886,0.02737030411449018,0.09749552772808566,0.06189624329159201,0.037030411449015976,0.11019677996422175,0.38139534883720916,0.09409660107334508,0.10697674418604632,0.0,0.055635062611806785,0.08085867620751334,0.03291592128801411,0.019856887298747752,0.09194991055456171,0.2896243291592128,0.21824686940965987,0.23506261180679783,0.3379248658318423,0.2717352415026833,0.3538461538461538,0.4803220035778174,1
1.0,0.9037567084078708,0.978175313059034,0.8314847942754917,0.8395348837209302,0.6452593917710195,0.4048300536672628,0.33273703041144886,0.02737030411449018,0.09749552772808566,0.06189624329159201,0.037030411449015976,0.11019677996422175,0.38139534883720916,0.09409660107334508,0.10697674418604632,0.0,0.055635062611806785,0.08085867620751334,0.03291592128801411,0.019856887298747752,0.09194991055456171,0.2896243291592128,0.21824686940965987,0.23506261180679783,0.3379248658318423,0.2717352415026833,0.3538461538461538,0.4803220035778174,0.5930232558139535,1
0.9239209948792972,1.0,0.8500365764447693,0.8582662765179224,0.6596561814191658,0.4138624725676663,0.34016093635698597,0.027980980248719842,0.09967081199707366,0.06327724945135321,0.03785662033650316,0.11265544989027058,0.38990490124359894,0.09619604974396471,0.10936356986100931,0.0,0.05687637161667884,0.0826627651792245,0.033650329188002724,0.020299926847110447,0.09400146305779078,0.2960863204096561,0.223116313094367,0.24030724213606436,0.3454645208485732,0.27779809802487193,0.3617410387710314,0.4910387710314556,0.6062545720555962,0.7752377468910019,0
1.0,0.8500365764447693,0.8582662765179224,0.6596561814191658,0.4138624725676663,0.34016093635698597,0.027980980248719842,0.09967081199707366,0.06327724945135321,0.03785662033650316,0.11265544989027058,0.38990490124359894,0.09619604974396471,0.10936356986100931,0.0,0.05687637161667884,0.0826627651792245,0.033650329188002724,0.020299926847110447,0.09400146305779078,0.2960863204096561,0.223116313094367,0.24030724213606436,0.3454645208485732,0.27779809802487193,0.3617410387710314,0.4910387710314556,0.6062545720555962,0.7752377468910019,0.6543525969275786,1
0.9904112507990621,1.0,0.7685915192840398,0.48220754314937125,0.3963349669720859,0.032601747283187744,0.11613040698913249,0.07372682718943092,0.04410824632431266,0.1312593223950564,0.45429362880886404,0.11208182399318112,0.1274238227146812,0.0,0.06626891114425738,0.09631365864052835,0.03920733006605559,0.023652248028979316,0.10952482420626465,0.3449818879181759,0.25996164500319596,0.2799914766673769,0.40251438312380106,0.32367355636053685,0.4214787982101001,0.5721287023226079,0.7063711911357341,0.9032601747283183,0.7624121031323247,0.7163861069678245,1
1.0,0.7685915192840398,0.48220754314937125,0.3963349669720859,0.032601747283187744,0.11613040698913249,0.07372682718943092,0.04410824632431266,0.1312593223950564,0.45429362880886404,0.11208182399318112,0.1274238227146812,0.0,0.06626891114425738,0.09631365864052835,0.03920733006605559,0.023652248028979316,0.10952482420626465,0.3449818879181759,0.25996164500319596,0.2799914766673769,0.40251438312380106,0.32367355636053685,0.4214787982101001,0.5721287023226079,0.7063711911357341,0.9032601747283183,0.7624121031323247,0.7163861069678245,0.8331557639036861,1
0.6853505605168154,0.42998289948698454,0.3534106023180695,0.02907087212616381,0.1035531065931976,0.06574197225916766,0.039331179935397934,0.1170435113053391,0.4050921527645828,0.09994299828994853,0.11362340870226088,0.0,0.059091772753182586,0.08588257647729425,0.03496104883146474,0.02109063271898156,0.09766292988789665,0.3076192285768573,0.23180695420862607,0.24966749002470076,0.35892076762302844,0.28861865855975677,0.3758312749382482,0.5101653049591487,0.6298688960668821,0.8054341630248906,0.6798403952118565,0.6387991639749194,0.74292228766863,1.0,0
0.42998289948698454,0.3534106023180695,0.02907087212616381,0.1035531065931976,0.06574197225916766,0.039331179935397934,0.1170435113053391,0.4050921527645828,0.09994299828994853,0.11362340870226088,0.0,0.059091772753182586,0.08588257647729425,0.03496104883146474,0.02109063271898156,0.09766292988789665,0.3076192285768573,0.23180695420862607,0.24966749002470076,0.35892076762302844,0.28861865855975677,0.3758312749382482,0.5101653049591487,0.6298688960668821,0.8054341630248906,0.6798403952118565,0.6387991639749194,0.74292228766863,1.0,0.600608018240547,1
0.3534106023180695,0.02907087212616381,0.1035531065931976,0.06574197225916766,0.039331179935397934,0.1170435113053391,0.4050921527645828,0.09994299828994853,0.11362340870226088,0.0,0.059091772753182586,0.08588257647729425,0.03496104883146474,0.02109063271898156,0.09766292988789665,0.3076192285768573,0.23180695420862607,0.24966749002470076,0.35892076762302844,0.28861865855975677,0.3758312749382482,0.5101653049591487,0.6298688960668821,0.8054341630248906,0.6798403952118565,0.6387991639749194,0.74292228766863,1.0,0.600608018240547,0.7700931027930839,0
0.02907087212616381,0.1035531065931976,0.06574197225916766,0.039331179935397934,0.1170435113053391,0.4050921527645828,0.09994299828994853,0.11362340870226088,0.0,0.059091772753182586,0.08588257647729425,0.03496104883146474,0.02109063271898156,0.09766292988789665,0.3076192285768573,0.23180695420862607,0.24966749002470076,0.35892076762302844,0.28861865855975677,0.3758312749382482,0.5101653049591487,0.6298688960668821,0.8054341630248906,0.6798403952118565,0.6387991639749194,0.74292228766863,1.0,0.600608018240547,0.7700931027930839,0.6222686680600419,1
0.1035531065931976,0.06574197225916766,0.039331179935397934,0.1170435113053391,0.4050921527645828,0.09994299828994853,0.11362340870226088,0.0,0.059091772753182586,0.08588257647729425,0.03496104883146474,0.02109063271898156,0.09766292988789665,0.3076192285768573,0.23180695420862607,0.24966749002470076,0.35892076762302844,0.28861865855975677,0.3758312749382482,0.5101653049591487,0.6298688960668821,0.8054341630248906,0.6798403952118565,0.6387991639749194,0.74292228766863,1.0,0.600608018240547,0.7700931027930839,0.6222686680600419,0.7438723161694852,0
0.06574197225916766,0.039331179935397934,0.1170435113053391,0.4050921527645828,0.09994299828994853,0.11362340870226088,0.0,0.059091772753182586,0.08588257647729425,0.03496104883146474,0.02109063271898156,0.09766292988789665,0.3076192285768573,0.23180695420862607,0.24966749002470076,0.35892076762302844,0.28861865855975677,0.3758312749382482,0.5101653049591487,0.6298688960668821,0.8054341630248906,0.6798403952118565,0.6387991639749194,0.74292228766863,1.0,0.600608018240547,0.7700931027930839,0.6222686680600419,0.7438723161694852,0.7691430742922286,0
0.039331179935397934,0.1170435113053391,0.4050921527645828,0.09994299828994853,0.11362340870226088,0.0,0.059091772753182586,0.08588257647729425,0.03496104883146474,0.02109063271898156,0.09766292988789665,0.3076192285768573,0.23180695420862607,0.24966749002470076,0.35892076762302844,0.28861865855975677,0.3758312749382482,0.5101653049591487,0.6298688960668821,0.8054341630248906,0.6798403952118565,0.6387991639749194,0.74292228766863,1.0,0.600608018240547,0.7700931027930839,0.6222686680600419,0.7438723161694852,0.7691430742922286,0.6712901387041609,1
0.1170435113053391,0.4050921527645828,0.09994299828994853,0.11362340870226088,0.0,0.059091772753182586,0.08588257647729425,0.03496104883146474,0.02109063271898156,0.09766292988789665,0.3076192285768573,0.23180695420862607,0.24966749002470076,0.35892076762302844,0.28861865855975677,0.3758312749382482,0.5101653049591487,0.6298688960668821,0.8054341630248906,0.6798403952118565,0.6387991639749194,0.74292228766863,1.0,0.600608018240547,0.7700931027930839,0.6222686680600419,0.7438723161694852,0.7691430742922286,0.6712901387041609,0.6714801444043322,1
0.4050921527645828,0.09994299828994853,0.11362340870226088,0.0,0.059091772753182586,0.08588257647729425,0.03496104883146474,0.02109063271898156,0.09766292988789665,0.3076192285768573,0.23180695420862607,0.24966749002470076,0.35892076762302844,0.28861865855975677,0.3758312749382482,0.5101653049591487,0.6298688960668821,0.8054341630248906,0.6798403952118565,0.6387991639749194,0.74292228766863,1.0,0.600608018240547,0.7700931027930839,0.6222686680600419,0.7438723161694852,0.7691430742922286,0.6712901387041609,0.6714801444043322,0.7301919057571729,1
0.09994299828994853,0.11362340870226088,0.0,0.059091772753182586,0.08588257647729425,0.03496104883146474,0.02109063271898156,0.09766292988789665,0.3076192285768573,0.23180695420862607,0.24966749002470076,0.35892076762302844,0.28861865855975677,0.3758312749382482,0.5101653049591487,0.6298688960668821,0.8054341630248906,0.6798403952118565,0.6387991639749194,0.74292228766863,1.0,0.600608018240547,0.7700931027930839,0.6222686680600419,0.7438723161694852,0.7691430742922286,0.6712901387041609,0.6714801444043322,0.7301919057571729,0.9179175375261259,1
0.10747663551401854,0.0,0.055895039539899355,0.08123652048885689,0.033069734004313255,0.01994967649173256,0.09237958303378867,0.29097771387491017,0.21926671459381725,0.23616103522645585,0.33950395398993516,0.2730050323508268,0.3554996405463696,0.4825664989216391,0.5957943925233647,0.7618619698058949,0.643062544931704,0.604241552839684,0.7027318475916607,0.9459022286125092,0.5681164629762759,0.7284327821711001,0.5886053199137312,0.7036304816678651,0.7275341480948958,0.6349748382458662,0.6351545650611073,0.6906901509705251,0.8682602444284689,1.0,1
0.0,0.04813496362792138,0.06995821080328118,0.028478563689831135,0.017180003095496048,0.0795542485683331,0.250580405509983,0.18882525924779434,0.20337409069803442,0.292369602228757,0.23510292524377033,0.3061445596656865,0.41557034514780994,0.51307847082495,0.6560903884847546,0.5537842439250892,0.5203528865500698,0.6051694784089151,0.8145797864107724,0.4892431512149821,0.6273022751895992,0.5068874787184647,0.6059433524222259,0.6265284011762885,0.5468193778052932,0.5469741526079556,0.5947995666305528,0.7477170716607339,0.8611670020120724,1.0,0
0.03149606299212599,0.05370078740157476,0.011496062992125826,0.0,0.0634645669291339,0.23748031496062993,0.17464566929133846,0.18944881889763784,0.27999999999999986,0.22173228346456694,0.29401574803149616,0.40535433070866145,0.5045669291338585,0.6500787401574802,0.5459842519685041,0.5119685039370081,0.5982677165354331,0.8113385826771655,0.48031496062992113,0.6207874015748033,0.49826771653543317,0.5990551181102365,0.62,0.5388976377952754,0.5390551181102364,0.5877165354330711,0.7433070866141734,0.858740157480315,1.0,0.9061417322834648,0
0.05370078740157476,0.011496062992125826,0.0,0.0634645669291339,0.23748031496062993,0.17464566929133846,0.18944881889763784,0.27999999999999986,0.22173228346456694,0.29401574803149616,0.40535433070866145,0.5045669291338585,0.6500787401574802,0.5459842519685041,0.5119685039370081,0.5982677165354331,0.8113385826771655,0.48031496062992113,0.6207874015748033,0.49826771653543317,0.5990551181102365,0.62,0.5388976377952754,0.5390551181102364,0.5877165354330711,0.7433070866141734,0.858740157480315,1.0,0.9061417322834648,0.7971653543307087,0
0.011496062992125826,0.0,0.0634645669291339,0.23748031496062993,0.17464566929133846,0.18944881889763784,0.27999999999999986,0.22173228346456694,0.29401574803149616,0.40535433070866145,0.5045669291338585,0.6500787401574802,0.5459842519685041,0.5119685039370081,0.5982677165354331,0.8113385826771655,0.48031496062992113,0.6207874015748033,0.49826771653543317,0.5990551181102365,0.62,0.5388976377952754,0.5390551181102364,0.5877165354330711,0.7433070866141734,0.858740157480315,1.0,0.9061417322834648,0.7971653543307087,0.7143307086614175,0
0.0,0.0634645669291339,0.23748031496062993,0.17464566929133846,0.18944881889763784,0.27999999999999986,0.22173228346456694,0.29401574803149616,0.40535433070866145,0.5045669291338585,0.6500787401574802,0.5459842519685041,0.5119685039370081,0.5982677165354331,0.8113385826771655,0.48031496062992113,0.6207874015748033,0.49826771653543317,0.5990551181102365,0.62,0.5388976377952754,0.5390551181102364,0.5877165354330711,0.7433070866141734,0.858740157480315,1.0,0.9061417322834648,0.7971653543307087,0.7143307086614175,0.6738582677165357,0
0.0,0.18580797040524635,0.11871531864805768,0.13452160753321005,0.23120901294770455,0.1689927694635951,0.24617454178577441,0.3650580124432487,0.4709937783756518,0.6263662350765091,0.5152177568521945,0.4788969228182279,0.5710442239784765,0.7985538927190181,0.4450983689255085,0.595089961325038,0.4642676979989912,0.5718849840255593,0.5942492012779552,0.5076509164284512,0.5078190684378681,0.5597780393475704,0.7259122246510848,0.8491676475533882,1.0,0.8997814023877588,0.7834202118715319,0.6949722549184464,0.6517571884984028,0.5310240457373466,0
0.07613050944476263,0.0,0.01793550849074627,0.12764739553520318,0.0570501812631179,0.14462888761686726,0.27952680786109535,0.3997328754054573,0.5760351078038543,0.44991413852318285,0.4087006296508303,0.5132608280862432,0.7714176683838964,0.37034917000572404,0.5405456973859953,0.39210074413279933,0.5142148444953257,0.5395916809769129,0.4413279908414424,0.44151879412325923,0.5004770082045416,0.6889906506391913,0.8288494562106469,1.0,0.8862812440373978,0.754245373020416,0.6538828467849649,0.6048464033581381,0.46784964701392884,0.2245754626979586,1
0.0,0.01793550849074627,0.12764739553520318,0.0570501812631179,0.14462888761686726,0.27952680786109535,0.3997328754054573,0.5760351078038543,0.44991413852318285,0.4087006296508303,0.5132608280862432,0.7714176683838964,0.37034917000572404,0.5405456973859953,0.39210074413279933,0.5142148444953257,0.5395916809769129,0.4413279908414424,0.44151879412325923,0.5004770082045416,0.6889906506391913,0.8288494562106469,1.0,0.8862812440373978,0.754245373020416,0.6538828467849649,0.6048464033581381,0.46784964701392884,0.2245754626979586,0.3153978248425873,1
0.0,0.11171556246357077,0.039829026617447014,0.12900718865358465,0.2663687585000971,0.38877015737322734,0.5682922090538176,0.43986788420439105,0.39790169030503225,0.5043714785311832,0.7672430542063339,0.3588498154264618,0.5321546531960367,0.38099863998445704,0.5053429182047797,0.5311832135224402,0.4311249271420243,0.4313192150767439,0.4913541869049935,0.6833106664076163,0.8257237225568292,1.0,0.884204390907325,0.749757140081601,0.6475616864192735,0.5976296871964254,0.45813095006800086,0.21041383330095204,0.30289489022731675,0.35554692053623477,0
0.07486847430190186,0.0,0.09287737757992724,0.23593686766491298,0.36341562120598975,0.5503844597329016,0.416632942128693,0.3729259409146097,0.4838122217725618,0.7575880210441118,0.3322541481181706,0.5127478753541078,0.35532173209227047,0.4848239579117769,0.5117361392148927,0.4075273168757586,0.407729664103602,0.47025495750708246,0.6701740186159453,0.8184945366248482,1.0,0.8794010522055852,0.7393767705382437,0.6329421286928371,0.5809388911371918,0.435653581545933,0.17766086604613524,0.2739781464993929,0.3288142452448402,0.39194658033184965,0
0.0,0.09287737757992724,0.23593686766491298,0.36341562120598975,0.5503844597329016,0.416632942128693,0.3729259409146097,0.4838122217725618,0.7575880210441118,0.3322541481181706,0.5127478753541078,0.35532173209227047,0.4848239579117769,0.5117361392148927,0.4075273168757586,0.407729664103602,0.47025495750708246,0.6701740186159453,0.8184945366248482,1.0,0.8794010522055852,0.7393767705382437,0.6329421286928371,0.5809388911371918,0.435653581545933,0.17766086604613524,0.2739781464993929,0.3288142452448402,0.39194658033184965,0.23350870093079715,0
0.0,0.15770689270577729,0.29823778719607424,0.5043497657818423,0.35690385902297583,0.30872183805487413,0.43096140977024316,0.7327682355565471,0.26388579076511237,0.4628596921704218,0.2893151907204997,0.4320767343296902,0.4617443676109747,0.34686593798795423,0.347089002899844,0.4160160606736563,0.6364041936203437,0.7999107740352442,1.0,0.867053312513942,0.7126923934865046,0.5953602498327015,0.5380325674771361,0.3778719607405756,0.09346419808164173,0.19964309614097683,0.26009368726299353,0.3296899397724739,0.15503011376310485,0.14142315413785425,0
0.16070237830629014,0.3007334963325185,0.5061124694376526,0.3591909313180708,0.31118026228050694,0.43298510780173366,0.7337186041342522,0.26650366748166227,0.4647699488775285,0.29184263169593244,0.4340964658813072,0.46365859079795496,0.34918870860191126,0.3494109802178263,0.41809290953545253,0.6376972660591245,0.8006223605245609,1.0,0.8675261169148704,0.7137141587019338,0.5967992887308292,0.5396754834407649,0.3800844632140476,0.09668815292287167,0.20248944209824382,0.2627250500111135,0.33207379417648375,0.15803511891531424,0.14447655034452106,0.0,1
0.3007334963325185,0.5061124694376526,0.3591909313180708,0.31118026228050694,0.43298510780173366,0.7337186041342522,0.26650366748166227,0.4647699488775285,0.29184263169593244,0.4340964658813072,0.46365859079795496,0.34918870860191126,0.3494109802178263,0.41809290953545253,0.6376972660591245,0.8006223605245609,1.0,0.8675261169148704,0.7137141587019338,0.5967992887308292,0.5396754834407649,0.3800844632140476,0.09668815292287167,0.20248944209824382,0.2627250500111135,0.33207379417648375,0.15803511891531424,0.14447655034452106,0.0,0.07312736163591894,1
0.5061124694376526,0.3591909313180708,0.31118026228050694,0.43298510780173366,0.7337186041342522,0.26650366748166227,0.4647699488775285,0.29184263169593244,0.4340964658813072,0.46365859079795496,0.34918870860191126,0.3494109802178263,0.41809290953545253,0.6376972660591245,0.8006223605245609,1.0,0.8675261169148704,0.7137141587019338,0.5967992887308292,0.5396754834407649,0.3800844632140476,0.09668815292287167,0.20248944209824382,0.2627250500111135,0.33207379417648375,0.15803511891531424,0.14447655034452106,0.0,0.07312736163591894,0.05667926205823481,1
0.3591909313180708,0.31118026228050694,0.43298510780173366,0.7337186041342522,0.26650366748166227,0.4647699488775285,0.29184263169593244,0.4340964658813072,0.46365859079795496,0.34918870860191126,0.3494109802178263,0.41809290953545253,0.6376972660591245,0.8006223605245609,1.0,0.8675261169148704,0.7137141587019338,0.5967992887308292,0.5396754834407649,0.3800844632140476,0.09668815292287167,0.20248944209824382,0.2627250500111135,0.33207379417648375,0.15803511891531424,0.14447655034452106,0.0,0.07312736163591894,0.05667926205823481,0.15403422982885046,0
0.31118026228050694,0.43298510780173366,0.7337186041342522,0.26650366748166227,0.4647699488775285,0.29184263169593244,0.4340964658813072,0.46365859079795496,0.34918870860191126,0.3494109802178263,0.41809290953545253,0.6376972660591245,0.8006223605245609,1.0,0.8675261169148704,0.7137141587019338,0.5967992887308292,0.5396754834407649,0.3800844632140476,0.09668815292287167,0.20248944209824382,0.2627250500111135,0.33207379417648375,0.15803511891531424,0.14447655034452106,0.0,0.07312736163591894,0.05667926205823481,0.15403422982885046,0.03867526116914829,0
0.48023634881825594,0.7559087204563979,0.3276283618581905,0.5093724531377345,0.3508557457212715,0.4812550937245316,0.5083537082314588,0.4034229828850854,0.40362673186634085,0.4665851670741649,0.6678891605541974,0.8172371638141809,1.0,0.8785656071719645,0.7375713121434393,0.6303993480032601,0.5780358598207012,0.4317440912795437,0.17196414017929912,0.26894865525672357,0.3241646291768541,0.3877343113284435,0.2281988590057048,0.2157701711491444,0.08333333333333343,0.1503667481662591,0.135289323553382,0.224531377343113,0.11878565607171936,0.0,0
0.7950384944396922,0.4354148845166808,0.5880239520958086,0.4549187339606503,0.5644140290846881,0.5871685201026519,0.4990590248075277,0.49923011120615934,0.5520958083832338,0.7211291702309669,0.846535500427716,1.0,0.8980325064157403,0.7796407185628743,0.689649272882806,0.6456800684345597,0.5228400342172799,0.30470487596236107,0.38614200171086394,0.4325064157399488,0.4858853721129172,0.3519247219846022,0.3414884516680926,0.23028229255774185,0.28656971770744233,0.2739093242087253,0.3488451668092385,0.26005132591958924,0.16030795551753646,0.0,1
0.4354148845166808,0.5880239520958086,0.4549187339606503,0.5644140290846881,0.5871685201026519,0.4990590248075277,0.49923011120615934,0.5520958083832338,0.7211291702309669,0.846535500427716,1.0,0.8980325064157403,0.7796407185628743,0.689649272882806,0.6456800684345597,0.5228400342172799,0.30470487596236107,0.38614200171086394,0.4325064157399488,0.4858853721129172,0.3519247219846022,0.3414884516680926,0.23028229255774185,0.28656971770744233,0.2739093242087253,0.3488451668092385,0.26005132591958924,0.16030795551753646,0.0,0.05645851154833187,0
0.5880239520958086,0.4549187339606503,0.5644140290846881,0.5871685201026519,0.4990590248075277,0.49923011120615934,0.5520958083832338,0.7211291702309669,0.846535500427716,1.0,0.8980325064157403,0.7796407185628743,0.689649272882806,0.6456800684345597,0.5228400342172799,0.30470487596236107,0.38614200171086394,0.4325064157399488,0.4858853721129172,0.3519247219846022,0.3414884516680926,0.23028229255774185,0.28656971770744233,0.2739093242087253,0.3488451668092385,0.26005132591958924,0.16030795551753646,0.0,0.05645851154833187,0.002224123182206937,0
0.4643577673167453,0.5719569603227979,0.5943174176193678,0.5077336919973099,0.5079018157363822,0.559852051109617,0.7259583053127104,0.8491930060524546,1.0,0.899798251513114,0.7834566240753195,0.6950235373234702,0.6518157363819774,0.5311028917283122,0.31674512441156705,0.3967720242098184,0.4423335574983189,0.4947881640887695,0.363147276395427,0.35289172831203786,0.24361129791526584,0.2989240080699396,0.28648285137861457,0.36012104909213166,0.272864828513786,0.17484868863483535,0.01731674512441159,0.07279757901815735,0.019502353732346954,0.0,0
0.5740337962188392,0.5962857620880041,0.5101221348502593,0.5102894428643134,0.5619876192069604,0.727287937092187,0.8499247113936758,1.0,0.9002844236238919,0.7845072778986114,0.6965032625062743,0.653505102894429,0.5333779488037479,0.3200602308850596,0.3996988455747031,0.4450393173833028,0.49723941776811137,0.36623724276392844,0.3560314539066424,0.24728124477162483,0.302325581395349,0.2899447883553622,0.3632256985109586,0.2763928392169984,0.17885226702359064,0.022084657855111385,0.07729630249288949,0.02425966203781166,0.004851932407562427,0.0,0
0.6352781136638452,0.5574365175332526,0.5575876662636037,0.6042926239419592,0.7536275695284163,0.8644195888754534,1.0,0.909915356711004,0.8053204353083435,0.7258162031438938,0.6869709794437729,0.5784461910519954,0.3857315598548974,0.45767835550181385,0.4986396614268442,0.5457980652962517,0.42744860943168084,0.4182285368802905,0.3199818621523582,0.36970979443772684,0.35852478839177754,0.42472793228536876,0.34628174123337363,0.2581620314389361,0.11653567110036288,0.1664147521160823,0.11850060459492145,0.10096735187424437,0.09658403869407499,0.0,1
0.5574365175332526,0.5575876662636037,0.6042926239419592,0.7536275695284163,0.8644195888754534,1.0,0.909915356711004,0.8053204353083435,0.7258162031438938,0.6869709794437729,0.5784461910519954,0.3857315598548974,0.45767835550181385,0.4986396614268442,0.5457980652962517,0.42744860943168084,0.4182285368802905,0.3199818621523582,0.36970979443772684,0.35852478839177754,0.42472793228536876,0.34628174123337363,0.2581620314389361,0.11653567110036288,0.1664147521160823,0.11850060459492145,0.10096735187424437,0.09658403869407499,0.0,0.12046553808948003,0
0.5575876662636037,0.6042926239419592,0.7536275695284163,0.8644195888754534,1.0,0.909915356711004,0.8053204353083435,0.7258162031438938,0.6869709794437729,0.5784461910519954,0.3857315598548974,0.45767835550181385,0.4986396614268442,0.5457980652962517,0.42744860943168084,0.4182285368802905,0.3199818621523582,0.36970979443772684,0.35852478839177754,0.42472793228536876,0.34628174123337363,0.2581620314389361,0.11653567110036288,0.1664147521160823,0.11850060459492145,0.10096735187424437,0.09658403869407499,0.0,0.12046553808948003,0.08963119709794448,1
0.6042926239419592,0.7536275695284163,0.8644195888754534,1.0,0.909915356711004,0.8053204353083435,0.7258162031438938,0.6869709794437729,0.5784461910519954,0.3857315598548974,0.45767835550181385,0.4986396614268442,0.5457980652962517,0.42744860943168084,0.4182285368802905,0.3199818621523582,0.36970979443772684,0.35852478839177754,0.42472793228536876,0.34628174123337363,0.2581620314389361,0.11653567110036288,0.1664147521160823,0.11850060459492145,0.10096735187424437,0.09658403869407499,0.0,0.12046553808948003,0.08963119709794448,0.09779322853688027,1
0.7536275695284163,0.8644195888754534,1.0,0.909915356711004,0.8053204353083435,0.7258162031438938,0.6869709794437729,0.5784461910519954,0.3857315598548974,0.45767835550181385,0.4986396614268442,0.5457980652962517,0.42744860943168084,0.4182285368802905,0.3199818621523582,0.36970979443772684,0.35852478839177754,0.42472793228536876,0.34628174123337363,0.2581620314389361,0.11653567110036288,0.1664147521160823,0.11850060459492145,0.10096735187424437,0.09658403869407499,0.0,0.12046553808948003,0.08963119709794448,0.09779322853688027,0.12575574365175343,1
0.8644195888754534,1.0,0.909915356711004,0.8053204353083435,0.7258162031438938,0.6869709794437729,0.5784461910519954,0.3857315598548974,0.45767835550181385,0.4986396614268442,0.5457980652962517,0.42744860943168084,0.4182285368802905,0.3199818621523582,0.36970979443772684,0.35852478839177754,0.42472793228536876,0.34628174123337363,0.2581620314389361,0.11653567110036288,0.1664147521160823,0.11850060459492145,0.10096735187424437,0.09658403869407499,0.0,0.12046553808948003,0.08963119709794448,0.09779322853688027,0.12575574365175343,0.17699516324062892,0
1.0,0.909915356711004,0.8053204353083435,0.7258162031438938,0.6869709794437729,0.5784461910519954,0.3857315598548974,0.45767835550181385,0.4986396614268442,0.5457980652962517,0.42744860943168084,0.4182285368802905,0.3199818621523582,0.36970979443772684,0.35852478839177754,0.42472793228536876,0.34628174123337363,0.2581620314389361,0.11653567110036288,0.1664147521160823,0.11850060459492145,0.10096735187424437,0.09658403869407499,0.0,0.12046553808948003,0.08963119709794448,0.09779322853688027,0.12575574365175343,0.17699516324062892,0.21009673518742453,0
1.0,0.885049833887043,0.7976744186046512,0.754983388704319,0.6357142857142857,0.42392026578073094,0.5029900332225913,0.5480066445182724,0.5998338870431894,0.469767441860465,0.45963455149501675,0.35166112956810647,0.406312292358804,0.3940199335548171,0.46677740863787354,0.38056478405315597,0.2837209302325583,0.12807308970099676,0.182890365448505,0.1302325581395349,0.11096345514950175,0.10614617940199333,0.0,0.13239202657807303,0.0985049833887044,0.10747508305647836,0.13820598006644527,0.19451827242524924,0.23089700996677745,0.13787375415282407,1
1.0,0.9012762762762765,0.8530405405405408,0.718280780780781,0.4789789789789792,0.5683183183183184,0.6191816816816819,0.6777402402402405,0.5307807807807808,0.5193318318318321,0.3973348348348351,0.45908408408408424,0.4451951951951952,0.5274024024024023,0.42999249249249244,0.3205705705705708,0.14470720720720737,0.20664414414414423,0.14714714714714722,0.1253753753753755,0.11993243243243244,0.0,0.14958708708708707,0.11129879879879892,0.12143393393393391,0.1561561561561563,0.21978228228228242,0.26088588588588596,0.155780780780781,0.18956456456456472,0
1.0,0.9464806330695545,0.7969596001665973,0.531445231153686,0.6305705955851727,0.6870054144106623,0.7519783423573513,0.5889212827988337,0.5762182423990007,0.4408579758433988,0.5093710953769264,0.4939608496459807,0.5851728446480631,0.4770928779675134,0.35568513119533546,0.16055810079133706,0.22927946688879638,0.16326530612244902,0.13910870470637246,0.13306955435235318,0.0,0.16597251145356096,0.12349021241149533,0.1347355268638067,0.17326114119117048,0.24385672636401512,0.2894627238650563,0.17284464806330715,0.2103290295710122,0.19950020824656414,0
1.0,0.8420242024202419,0.5614961496149615,0.666226622662266,0.7258525852585258,0.7944994499449946,0.622222222222222,0.6088008800880089,0.46578657865786594,0.5381738173817382,0.5218921892189217,0.6182618261826179,0.5040704070407038,0.37579757975797595,0.16963696369636974,0.24224422442244226,0.17249724972497252,0.14697469746974706,0.14059405940594055,0.0,0.17535753575357527,0.13047304730473058,0.14235423542354228,0.18305830583058316,0.2576457645764577,0.30583058305830585,0.1826182618261828,0.22222222222222232,0.21078107810781097,0.21628162816281649,0
1.0,0.666840867520251,0.791220276979357,0.8620329239613275,0.9435589234387249,0.7389600209041023,0.72302064280115,0.553174810556572,0.6391429318003659,0.6198066370525214,0.7342565978573291,0.5986412333420431,0.44630258688267593,0.20146328717010728,0.28769270969427757,0.20486020381499873,0.17454925529135107,0.16697151816043895,0.0,0.20825712045989017,0.15495165926313054,0.1690619284034491,0.21740266527306,0.3059837993206168,0.3632087797230207,0.21688006271230753,0.26391429318003673,0.2503266266004706,0.25685915860987746,0.22158348575908027,0
0.7067294378288563,0.8385488784270282,0.9135973414566602,1.0,0.7831625588479643,0.7662697313763502,0.5862641927443923,0.6773746884519524,0.6568817502076985,0.7781777900858483,0.6344502907781775,0.47299916920520646,0.21351426197729176,0.3049016892827472,0.21711437274993078,0.1849903073940738,0.17695929105510932,0.0,0.2207144835225698,0.1642204375519248,0.17917474383827184,0.23040708944890623,0.32428690113541964,0.3849349210744946,0.22985322625311572,0.2797009138742732,0.26530047078371666,0.27222376073109966,0.23483799501523125,0.17003600110772635,0
0.8566510941726085,0.9232849766412589,1.0,0.8074747971477745,0.7924760265552004,0.6326530612244898,0.7135480698303417,0.6953528399311528,0.8030489304155393,0.675436439636095,0.5320875338087042,0.3016965822473567,0.38283747233833276,0.3048930415539708,0.2763707892795671,0.26924022621096605,0.11212195721662128,0.30808950086058484,0.25792967789525434,0.2712072780919593,0.31669535283993105,0.40004917629702474,0.4538972215392179,0.3162035898696828,0.36046225719203334,0.3476764199655766,0.35382345709368085,0.32062945660191766,0.2630931890828618,0.0,0
0.9232849766412589,1.0,0.8074747971477745,0.7924760265552004,0.6326530612244898,0.7135480698303417,0.6953528399311528,0.8030489304155393,0.675436439636095,0.5320875338087042,0.3016965822473567,0.38283747233833276,0.3048930415539708,0.2763707892795671,0.26924022621096605,0.11212195721662128,0.30808950086058484,0.25792967789525434,0.2712072780919593,0.31669535283993105,0.40004917629702474,0.4538972215392179,0.3162035898696828,0.36046225719203334,0.3476764199655766,0.35382345709368085,0.32062945660191766,0.2630931890828618,0.0,0.011802311285959915,0
1.0,0.8332623509369674,0.8202725724020443,0.6818568994889268,0.7519165247018739,0.736158432708688,0.8294293015332194,0.7189097103918225,0.5947614991482113,0.39522998296422485,0.46550255536626906,0.39799829642248713,0.3732964224872231,0.367120954003407,0.23104770017035758,0.40076660988074936,0.35732538330494035,0.3688245315161838,0.4082197614991482,0.4804088586030664,0.5270442930153321,0.40779386712095406,0.4461243611584327,0.4350511073253834,0.44037478705281097,0.4116269165247018,0.3617972742759794,0.13394378194207848,0.14416524701873926,0.0,0
1.0,0.9866812227074239,0.8447598253275113,0.9165938864628822,0.9004366812227074,0.996069868995633,0.8827510917030567,0.755458515283843,0.550873362445415,0.6229257641921399,0.5537117903930131,0.5283842794759827,0.5220524017467248,0.382532751091703,0.5565502183406112,0.5120087336244542,0.5237991266375545,0.5641921397379914,0.6382096069868997,0.6860262008733625,0.5637554585152841,0.6030567685589521,0.5917030567685592,0.597161572052402,0.5676855895196506,0.5165938864628821,0.2829694323144107,0.2934497816593886,0.1456331877729258,0.0,1
0.9905743095133718,0.8480929416922407,0.9202104340201669,0.9039894782989918,1.0,0.8862341078474354,0.7584392810170981,0.553046909250329,0.6253836036825955,0.5558965366067515,0.5304690925032882,0.5241122314774223,0.3840420868040333,0.558746163963174,0.5140289346777731,0.5258658483121438,0.5664182376150813,0.6407277509864097,0.6887330118369138,0.565979833406401,0.6054362121876372,0.5940377027619468,0.5995177553704518,0.5699254712845244,0.5186321788689172,0.2840859272249016,0.29460762823323106,0.1462078035949146,0.0,0.15497588776852278,0
0.8480929416922407,0.9202104340201669,0.9039894782989918,1.0,0.8862341078474354,0.7584392810170981,0.553046909250329,0.6253836036825955,0.5558965366067515,0.5304690925032882,0.5241122314774223,0.3840420868040333,0.558746163963174,0.5140289346777731,0.5258658483121438,0.5664182376150813,0.6407277509864097,0.6887330118369138,0.565979833406401,0.6054362121876372,0.5940377027619468,0.5995177553704518,0.5699254712845244,0.5186321788689172,0.2840859272249016,0.29460762823323106,0.1462078035949146,0.0,0.15497588776852278,0.056992547128452635,1
0.9202104340201669,0.9039894782989918,1.0,0.8862341078474354,0.7584392810170981,0.553046909250329,0.6253836036825955,0.5558965366067515,0.5304690925032882,0.5241122314774223,0.3840420868040333,0.558746163963174,0.5140289346777731,0.5258658483121438,0.5664182376150813,0.6407277509864097,0.6887330118369138,0.565979833406401,0.6054362121876372,0.5940377027619468,0.5995177553704518,0.5699254712845244,0.5186321788689172,0.2840859272249016,0.29460762823323106,0.1462078035949146,0.0,0.15497588776852278,0.056992547128452635,0.0767207365190706,0
0.9039894782989918,1.0,0.8862341078474354,0.7584392810170981,0.553046909250329,0.6253836036825955,0.5558965366067515,0.5304690925032882,0.5241122314774223,0.3840420868040333,0.558746163963174,0.5140289346777731,0.5258658483121438,0.5664182376150813,0.6407277509864097,0.6887330118369138,0.565979833406401,0.6054362121876372,0.5940377027619468,0.5995177553704518,0.5699254712845244,0.5186321788689172,0.2840859272249016,0.29460762823323106,0.1462078035949146,0.0,0.15497588776852278,0.056992547128452635,0.0767207365190706,0.04427882507672066,1
1.0,0.8862341078474354,0.7584392810170981,0.553046909250329,0.6253836036825955,0.5558965366067515,0.5304690925032882,0.5241122314774223,0.3840420868040333,0.558746163963174,0.5140289346777731,0.5258658483121438,0.5664182376150813,0.6407277509864097,0.6887330118369138,0.565979833406401,0.6054362121876372,0.5940377027619468,0.5995177553704518,0.5699254712845244,0.5186321788689172,0.2840859272249016,0.29460762823323106,0.1462078035949146,0.0,0.15497588776852278,0.056992547128452635,0.0767207365190706,0.04427882507672066,0.1039017974572555,0
1.0,0.8558001484046504,0.6240415533020037,0.7056641108088055,0.6272569873856049,0.5985654217165473,0.5913925302992827,0.4333415780361118,0.630472421469206,0.5800148404650014,0.5933712589661142,0.6391293593865943,0.7229779866435817,0.7771456838980957,0.6386346772198865,0.6831560722235965,0.6702943358891915,0.6764778629730401,0.6430868167202574,0.5852090032154341,0.3205540440267131,0.33242641602770223,0.16497650259708144,0.0,0.1748701459312394,0.06430868167202594,0.0865693791738808,0.04996289883749682,0.11723967350976987,0.11773435567647801,0
1.0,0.7291907514450866,0.8245664739884392,0.7329479768786126,0.699421965317919,0.6910404624277454,0.5063583815028899,0.7367052023121384,0.6777456647398843,0.693352601156069,0.7468208092485549,0.8447976878612716,0.9080924855491328,0.746242774566474,0.7982658959537572,0.7832369942196532,0.7904624277456648,0.7514450867052022,0.6838150289017338,0.37456647398843945,0.38843930635838136,0.19277456647398844,0.0,0.2043352601156071,0.07514450867052046,0.10115606936416183,0.058381502890173284,0.136994219653179,0.13757225433526024,0.11300578034682068,0
0.8029917250159135,0.9080203691915977,0.8071292170591979,0.7702100572883515,0.7609802673456396,0.5576066199872691,0.8112667091024823,0.7463399108847868,0.7635264162953531,0.8224061107574794,0.9302991725015914,1.0,0.8217695735200511,0.8790579248886061,0.8625079567154681,0.8704646721833229,0.8274984086569064,0.7530235518777847,0.41247612985359666,0.42775302355187766,0.21228516868236796,0.0,0.22501591343093594,0.08274984086569091,0.11139401654996817,0.06429026098026722,0.15085932527052814,0.15149586250795688,0.12444302991725005,0.09070655633354578,0
0.9285007422068283,0.8500742206828302,0.8213755566551213,0.8142008906481939,0.6561108362196931,0.8532904502721423,0.8028203859475508,0.8161801088570013,0.8619495299356754,0.9458189015338941,1.0,0.8614547253834737,0.9059871350816429,0.8931222167243941,0.8993072736269175,0.8659079663532904,0.8080158337456703,0.5432953983176647,0.5551707075705096,0.3876793666501732,0.22266204849084612,0.39757545769421093,0.28698664027709075,0.3092528451261751,0.2726373082632359,0.3399307273626916,0.3404255319148937,0.3193963384463136,0.2931716971796143,0.0,0
0.8587412587412587,0.8317016317016318,0.8249417249417248,0.6759906759906759,0.8617715617715617,0.8142191142191143,0.8268065268065267,0.8699300699300699,0.948951048951049,1.0,0.8694638694638697,0.9114219114219115,0.8993006993006994,0.9051282051282054,0.8736596736596737,0.819114219114219,0.5696969696969699,0.5808857808857808,0.42307692307692313,0.26759906759906765,0.43240093240093264,0.3282051282051284,0.34918414918414925,0.31468531468531463,0.378088578088578,0.3785547785547787,0.35874125874125873,0.3340326340326343,0.057808857808857896,0.0,0
0.8385509838998211,0.832066189624329,0.6891771019677995,0.8673971377459748,0.8217799642218248,0.833855098389982,0.8752236135957067,0.9510286225402504,1.0,0.8747763864042936,0.9150268336314848,0.9033989266547408,0.9089892665474062,0.8788014311270125,0.8264758497316635,0.5872093023255816,0.597942754919499,0.44655635062611804,0.29740608228980314,0.45550089445438297,0.3555456171735243,0.3756708407871198,0.3425760286225401,0.4033989266547404,0.4038461538461539,0.3848389982110911,0.3611359570661898,0.09615384615384609,0.0406976744186045,0.0,0
0.832066189624329,0.6891771019677995,0.8673971377459748,0.8217799642218248,0.833855098389982,0.8752236135957067,0.9510286225402504,1.0,0.8747763864042936,0.9150268336314848,0.9033989266547408,0.9089892665474062,0.8788014311270125,0.8264758497316635,0.5872093023255816,0.597942754919499,0.44655635062611804,0.29740608228980314,0.45550089445438297,0.3555456171735243,0.3756708407871198,0.3425760286225401,0.4033989266547404,0.4038461538461539,0.3848389982110911,0.3611359570661898,0.09615384615384609,0.0406976744186045,0.0,0.02347942754919493,0
0.714168208924532,0.8780588114332715,0.8361093974912606,0.8472136541229692,0.8852560148056755,0.9549660703269587,1.0,0.8848447460415383,0.9218589348139009,0.9111659469463296,0.9163068064980466,0.8885461649187744,0.8404277195147027,0.6203989307012133,0.6302693810405099,0.4910549043800123,0.35389677154020144,0.4992802796627597,0.4073617108780589,0.4258688052642401,0.39543491671807507,0.45136746864075655,0.4517787374048941,0.434299814929056,0.41250257042977595,0.16882582767838772,0.11782850092535452,0.08040304338885455,0.1019946535060661,0.0,1
0.8780588114332715,0.8361093974912606,0.8472136541229692,0.8852560148056755,0.9549660703269587,1.0,0.8848447460415383,0.9218589348139009,0.9111659469463296,0.9163068064980466,0.8885461649187744,0.8404277195147027,0.6203989307012133,0.6302693810405099,0.4910549043800123,0.35389677154020144,0.4992802796627597,0.4073617108780589,0.4258688052642401,0.39543491671807507,0.45136746864075655,0.4517787374048941,0.434299814929056,0.41250257042977595,0.16882582767838772,0.11782850092535452,0.08040304338885455,0.1019946535060661,0.0,0.07793543080403027,0
0.8423966778722562,0.8530749456199326,0.8896578999406763,0.956693691912201,1.0,0.8892624085426143,0.9248566343682025,0.9145738580185883,0.9195175004943644,0.892821831125173,0.8465493375519081,0.634961439588689,0.6444532331421791,0.510579394898161,0.3786830136444531,0.5184892228594029,0.43009689539252527,0.4478940083053192,0.41862764484872433,0.47241447498516886,0.47280996638323114,0.4560015819655921,0.43504053786830144,0.20071188451651162,0.15167095115681212,0.11568123393316186,0.13644453233142165,0.0383626656120229,0.11330828554478921,0.0,1
0.8530749456199326,0.8896578999406763,0.956693691912201,1.0,0.8892624085426143,0.9248566343682025,0.9145738580185883,0.9195175004943644,0.892821831125173,0.8465493375519081,0.634961439588689,0.6444532331421791,0.510579394898161,0.3786830136444531,0.5184892228594029,0.43009689539252527,0.4478940083053192,0.41862764484872433,0.47241447498516886,0.47280996638323114,0.4560015819655921,0.43504053786830144,0.20071188451651162,0.15167095115681212,0.11568123393316186,0.13644453233142165,0.0383626656120229,0.11330828554478921,0.0,0.07593434842792149,1
0.8896578999406763,0.956693691912201,1.0,0.8892624085426143,0.9248566343682025,0.9145738580185883,0.9195175004943644,0.892821831125173,0.8465493375519081,0.634961439588689,0.6444532331421791,0.510579394898161,0.3786830136444531,0.5184892228594029,0.43009689539252527,0.4478940083053192,0.41862764484872433,0.47241447498516886,0.47280996638323114,0.4560015819655921,0.43504053786830144,0.20071188451651162,0.15167095115681212,0.11568123393316186,0.13644453233142165,0.0383626656120229,0.11330828554478921,0.0,0.07593434842792149,0.12734823017599364,1
0.956693691912201,1.0,0.8892624085426143,0.9248566343682025,0.9145738580185883,0.9195175004943644,0.892821831125173,0.8465493375519081,0.634961439588689,0.6444532331421791,0.510579394898161,0.3786830136444531,0.5184892228594029,0.43009689539252527,0.4478940083053192,0.41862764484872433,0.47241447498516886,0.47280996638323114,0.4560015819655921,0.43504053786830144,0.20071188451651162,0.15167095115681212,0.11568123393316186,0.13644453233142165,0.0383626656120229,0.11330828554478921,0.0,0.07593434842792149,0.12734823017599364,0.10500296618548524,1
1.0,0.8892624085426143,0.9248566343682025,0.9145738580185883,0.9195175004943644,0.892821831125173,0.8465493375519081,0.634961439588689,0.6444532331421791,0.510579394898161,0.3786830136444531,0.5184892228594029,0.43009689539252527,0.4478940083053192,0.41862764484872433,0.47241447498516886,0.47280996638323114,0.4560015819655921,0.43504053786830144,0.20071188451651162,0.15167095115681212,0.11568123393316186,0.13644453233142165,0.0383626656120229,0.11330828554478921,0.0,0.07593434842792149,0.12734823017599364,0.10500296618548524,0.2042713070990706,1
0.9615137908915973,1.0,0.9888817618131281,0.9942270686337397,0.9653624118024373,0.9153303399615136,0.6865512080393416,0.6968141971349153,0.552063288432756,0.409450502458841,0.5606157793457345,0.4650416933932008,0.48428479794740203,0.45264058156938186,0.510797519777635,0.5112251443232841,0.4930511011332048,0.4703870002138123,0.21701945691682686,0.16399401325636065,0.12508017960230905,0.1475304682488773,0.041479580927945216,0.12251443232841544,0.0,0.08210391276459246,0.13769510369895227,0.11353431686978809,0.2208680778276673,0.2174470814624757,0
1.0,0.9888817618131281,0.9942270686337397,0.9653624118024373,0.9153303399615136,0.6865512080393416,0.6968141971349153,0.552063288432756,0.409450502458841,0.5606157793457345,0.4650416933932008,0.48428479794740203,0.45264058156938186,0.510797519777635,0.5112251443232841,0.4930511011332048,0.4703870002138123,0.21701945691682686,0.16399401325636065,0.12508017960230905,0.1475304682488773,0.041479580927945216,0.12251443232841544,0.0,0.08210391276459246,0.13769510369895227,0.11353431686978809,0.2208680778276673,0.2174470814624757,0.22578576010262966,0
0.9946236559139785,1.0,0.9709677419354837,0.9206451612903224,0.6905376344086022,0.7008602150537632,0.5552688172043009,0.4118279569892471,0.5638709677419355,0.46774193548387094,0.4870967741935482,0.4552688172043008,0.5137634408602147,0.5141935483870967,0.4959139784946234,0.4731182795698925,0.21827956989247294,0.1649462365591395,0.1258064516129031,0.14838709677419337,0.04172043010752683,0.12322580645161268,0.0,0.08258064516129009,0.13849462365591392,0.11419354838709651,0.22215053763440856,0.21870967741935457,0.22709677419354812,0.18989247311827953,1
1.0,0.9709677419354837,0.9206451612903224,0.6905376344086022,0.7008602150537632,0.5552688172043009,0.4118279569892471,0.5638709677419355,0.46774193548387094,0.4870967741935482,0.4552688172043008,0.5137634408602147,0.5141935483870967,0.4959139784946234,0.4731182795698925,0.21827956989247294,0.1649462365591395,0.1258064516129031,0.14838709677419337,0.04172043010752683,0.12322580645161268,0.0,0.08258064516129009,0.13849462365591392,0.11419354838709651,0.22215053763440856,0.21870967741935457,0.22709677419354812,0.18989247311827953,0.18172043010752664,1
1.0,0.948172757475083,0.7111849390919159,0.7218161683277962,0.5718715393133997,0.42414174972314495,0.5807308970099668,0.48172757475083067,0.5016611295681063,0.46888150609080825,0.5291251384274638,0.5295681063122923,0.5107419712070873,0.487264673311185,0.22480620155038744,0.16987818383167197,0.12956810631229226,0.15282392026578057,0.0429678848283499,0.12691029900332207,0.0,0.08504983388704297,0.14263565891472865,0.11760797342192666,0.22879291251384276,0.22524916943521572,0.23388704318936854,0.1955703211517165,0.18715393133997762,0.24961240310077515,0
1.0,0.7500583975706613,0.7612707311375846,0.6031301097874329,0.44732539126372334,0.6124737210932026,0.5080588647512265,0.5290819901892081,0.49451062835786014,0.558047185237094,0.5585143658023827,0.5386591917776219,0.5138986218173326,0.2370941368839055,0.17916374678813338,0.13665031534688146,0.16117729502452682,0.04531651483298291,0.13384723195515047,0.0,0.0896986685353887,0.15043214202289185,0.12403644008409226,0.24129876197150202,0.2375613174491939,0.24667133847231934,0.2062602195748657,0.1973837888343843,0.2632562485400607,0.1744919411352488,0
0.9852715556919304,1.0,0.7922675667382634,0.5876035593740411,0.8045412703283218,0.6673826327094203,0.6949984657870512,0.6495857625038354,0.7330469469162318,0.7336606320957351,0.7075790119668609,0.6750536974532068,0.3114452285977292,0.2353482663393676,0.17950291500460253,0.21172138692850548,0.05952746241178271,0.1758208039275849,0.0,0.11782755446455939,0.19760662779993862,0.16293341515802362,0.31696839521325565,0.312058913777232,0.32402577477753886,0.27094200675053703,0.25928198833998134,0.3458115986498926,0.2292114145443388,0.18195765572261413,0
1.0,0.7922675667382634,0.5876035593740411,0.8045412703283218,0.6673826327094203,0.6949984657870512,0.6495857625038354,0.7330469469162318,0.7336606320957351,0.7075790119668609,0.6750536974532068,0.3114452285977292,0.2353482663393676,0.17950291500460253,0.21172138692850548,0.05952746241178271,0.1758208039275849,0.0,0.11782755446455939,0.19760662779993862,0.16293341515802362,0.31696839521325565,0.312058913777232,0.32402577477753886,0.27094200675053703,0.25928198833998134,0.3458115986498926,0.2292114145443388,0.18195765572261413,0.03528689782141736,1
0.9847444698703278,0.730358504958047,1.0,0.8295194508009154,0.8638443935926771,0.8073989321128905,0.9111365369946601,0.9118993135011441,0.8794813119755908,0.8390541571319604,0.38710907704042685,0.2925247902364603,0.22311212814645287,0.2631578947368418,0.07398932112890914,0.21853546910755112,0.0,0.14645308924485084,0.24561403508771923,0.20251716247139542,0.3939740655987795,0.3878718535469103,0.4027459954233405,0.3367658276125095,0.3222730739893207,0.42982456140350866,0.2848970251716247,0.2261632341723872,0.043859649122806696,0.1437833714721585,0
0.730358504958047,1.0,0.8295194508009154,0.8638443935926771,0.8073989321128905,0.9111365369946601,0.9118993135011441,0.8794813119755908,0.8390541571319604,0.38710907704042685,0.2925247902364603,0.22311212814645287,0.2631578947368418,0.07398932112890914,0.21853546910755112,0.0,0.14645308924485084,0.24561403508771923,0.20251716247139542,0.3939740655987795,0.3878718535469103,0.4027459954233405,0.3367658276125095,0.3222730739893207,0.42982456140350866,0.2848970251716247,0.2261632341723872,0.043859649122806696,0.1437833714721585,0.07170099160945825,1
1.0,0.8295194508009154,0.8638443935926771,0.8073989321128905,0.9111365369946601,0.9118993135011441,0.8794813119755908,0.8390541571319604,0.38710907704042685,0.2925247902364603,0.22311212814645287,0.2631578947368418,0.07398932112890914,0.21853546910755112,0.0,0.14645308924485084,0.24561403508771923,0.20251716247139542,0.3939740655987795,0.3878718535469103,0.4027459954233405,0.3367658276125095,0.3222730739893207,0.42982456140350866,0.2848970251716247,0.2261632341723872,0.043859649122806696,0.1437833714721585,0.07170099160945825,0.07665903890160149,1
0.9096612296110416,0.947302383939774,0.8854035968214132,0.9991635299038055,1.0,0.964450020911752,0.9201171058134673,0.42450857381848567,0.32078628189042196,0.24466750313676267,0.2885821831869507,0.08113759933082385,0.2396486825595981,0.0,0.1606022584692593,0.26934337097448763,0.22208281053952275,0.43203680468423256,0.4253450439146796,0.4416562107904638,0.3693015474696779,0.3534086156419904,0.47135089920535334,0.3124215809284818,0.24801338352153884,0.04809703053115816,0.15767461313258035,0.07862818904224156,0.08406524466750277,0.07486407360936814,1
0.947302383939774,0.8854035968214132,0.9991635299038055,1.0,0.964450020911752,0.9201171058134673,0.42450857381848567,0.32078628189042196,0.24466750313676267,0.2885821831869507,0.08113759933082385,0.2396486825595981,0.0,0.1606022584692593,0.26934337097448763,0.22208281053952275,0.43203680468423256,0.4253450439146796,0.4416562107904638,0.3693015474696779,0.3534086156419904,0.47135089920535334,0.3124215809284818,0.24801338352153884,0.04809703053115816,0.15767461313258035,0.07862818904224156,0.08406524466750277,0.07486407360936814,0.1677122542869089,1
0.8854035968214132,0.9991635299038055,1.0,0.964450020911752,0.9201171058134673,0.42450857381848567,0.32078628189042196,0.24466750313676267,0.2885821831869507,0.08113759933082385,0.2396486825595981,0.0,0.1606022584692593,0.26934337097448763,0.22208281053952275,0.43203680468423256,0.4253450439146796,0.4416562107904638,0.3693015474696779,0.3534086156419904,0.47135089920535334,0.3124215809284818,0.24801338352153884,0.04809703053115816,0.15767461313258035,0.07862818904224156,0.08406524466750277,0.07486407360936814,0.1677122542869089,0.40443329150982804,1
0.9991635299038055,1.0,0.964450020911752,0.9201171058134673,0.42450857381848567,0.32078628189042196,0.24466750313676267,0.2885821831869507,0.08113759933082385,0.2396486825595981,0.0,0.1606022584692593,0.26934337097448763,0.22208281053952275,0.43203680468423256,0.4253450439146796,0.4416562107904638,0.3693015474696779,0.3534086156419904,0.47135089920535334,0.3124215809284818,0.24801338352153884,0.04809703053115816,0.15767461313258035,0.07862818904224156,0.08406524466750277,0.07486407360936814,0.1677122542869089,0.40443329150982804,0.6223337515683813,0
1.0,0.964450020911752,0.9201171058134673,0.42450857381848567,0.32078628189042196,0.24466750313676267,0.2885821831869507,0.08113759933082385,0.2396486825595981,0.0,0.1606022584692593,0.26934337097448763,0.22208281053952275,0.43203680468423256,0.4253450439146796,0.4416562107904638,0.3693015474696779,0.3534086156419904,0.47135089920535334,0.3124215809284818,0.24801338352153884,0.04809703053115816,0.15767461313258035,0.07862818904224156,0.08406524466750277,0.07486407360936814,0.1677122542869089,0.40443329150982804,0.6223337515683813,0.5031367628607273,0
1.0,0.9540329575021688,0.44015611448395475,0.332610581092801,0.25368603642671284,0.2992194275802253,0.08412836079791843,0.2484822202948826,0.0,0.1665221162185599,0.2792714657415438,0.23026886383347747,0.4479618386817001,0.4410234171725929,0.45793581960104046,0.38291413703382493,0.36643538594969616,0.48872506504770175,0.3239375542064182,0.2571552471812661,0.04986990459670391,0.16348655680832602,0.08152645273200332,0.08716392020815229,0.07762359063313065,0.1738941890719858,0.41934084995663456,0.6452732003469213,0.5216825672159581,0.5091066782307025,0
1.0,0.461363636363636,0.3486363636363631,0.26590909090909065,0.31363636363636327,0.08818181818181808,0.260454545454545,0.0,0.17454545454545406,0.2927272727272726,0.2413636363636358,0.4695454545454545,0.4622727272727267,0.4799999999999995,0.4013636363636363,0.3840909090909086,0.5122727272727271,0.3395454545454545,0.2695454545454542,0.05227272727272689,0.1713636363636362,0.08545454545454524,0.09136363636363595,0.081363636363636,0.18227272727272686,0.43954545454545396,0.6763636363636362,0.5468181818181812,0.5336363636363634,0.35545454545454513,1
0.6821236559139782,0.5154569892473111,0.39314516129032234,0.4637096774193544,0.1303763440860214,0.38508064516128976,0.0,0.2580645161290316,0.4327956989247312,0.3568548387096767,0.694220430107527,0.6834677419354832,0.7096774193548381,0.5934139784946237,0.567876344086021,0.7573924731182795,0.5020161290322581,0.39852150537634373,0.07728494623655859,0.25336021505376327,0.1263440860215051,0.13508064516128976,0.12029569892473069,0.26948924731182744,0.6498655913978488,1.0,0.8084677419354832,0.7889784946236558,0.5255376344086019,0.6404569892473111,0
0.5154569892473111,0.39314516129032234,0.4637096774193544,0.1303763440860214,0.38508064516128976,0.0,0.2580645161290316,0.4327956989247312,0.3568548387096767,0.694220430107527,0.6834677419354832,0.7096774193548381,0.5934139784946237,0.567876344086021,0.7573924731182795,0.5020161290322581,0.39852150537634373,0.07728494623655859,0.25336021505376327,0.1263440860215051,0.13508064516128976,0.12029569892473069,0.26948924731182744,0.6498655913978488,1.0,0.8084677419354832,0.7889784946236558,0.5255376344086019,0.6404569892473111,0.5530913978494618,1
0.39314516129032234,0.4637096774193544,0.1303763440860214,0.38508064516128976,0.0,0.2580645161290316,0.4327956989247312,0.3568548387096767,0.694220430107527,0.6834677419354832,0.7096774193548381,0.5934139784946237,0.567876344086021,0.7573924731182795,0.5020161290322581,0.39852150537634373,0.07728494623655859,0.25336021505376327,0.1263440860215051,0.13508064516128976,0.12029569892473069,0.26948924731182744,0.6498655913978488,1.0,0.8084677419354832,0.7889784946236558,0.5255376344086019,0.6404569892473111,0.5530913978494618,0.5040322580645162,1
0.4637096774193544,0.1303763440860214,0.38508064516128976,0.0,0.2580645161290316,0.4327956989247312,0.3568548387096767,0.694220430107527,0.6834677419354832,0.7096774193548381,0.5934139784946237,0.567876344086021,0.7573924731182795,0.5020161290322581,0.39852150537634373,0.07728494623655859,0.25336021505376327,0.1263440860215051,0.13508064516128976,0.12029569892473069,0.26948924731182744,0.6498655913978488,1.0,0.8084677419354832,0.7889784946236558,0.5255376344086019,0.6404569892473111,0.5530913978494618,0.5040322580645162,0.9650537634408605,0
0.1303763440860214,0.38508064516128976,0.0,0.2580645161290316,0.4327956989247312,0.3568548387096767,0.694220430107527,0.6834677419354832,0.7096774193548381,0.5934139784946237,0.567876344086021,0.7573924731182795,0.5020161290322581,0.39852150537634373,0.07728494623655859,0.25336021505376327,0.1263440860215051,0.13508064516128976,0.12029569892473069,0.26948924731182744,0.6498655913978488,1.0,0.8084677419354832,0.7889784946236558,0.5255376344086019,0.6404569892473111,0.5530913978494618,0.5040322580645162,0.9650537634408605,0.7627688172043009,0
0.38508064516128976,0.0,0.2580645161290316,0.4327956989247312,0.3568548387096767,0.694220430107527,0.6834677419354832,0.7096774193548381,0.5934139784946237,0.567876344086021,0.7573924731182795,0.5020161290322581,0.39852150537634373,0.07728494623655859,0.25336021505376327,0.1263440860215051,0.13508064516128976,0.12029569892473069,0.26948924731182744,0.6498655913978488,1.0,0.8084677419354832,0.7889784946236558,0.5255376344086019,0.6404569892473111,0.5530913978494618,0.5040322580645162,0.9650537634408605,0.7627688172043009,0.611559139784946,1
0.0,0.2580645161290316,0.4327956989247312,0.3568548387096767,0.694220430107527,0.6834677419354832,0.7096774193548381,0.5934139784946237,0.567876344086021,0.7573924731182795,0.5020161290322581,0.39852150537634373,0.07728494623655859,0.25336021505376327,0.1263440860215051,0.13508064516128976,0.12029569892473069,0.26948924731182744,0.6498655913978488,1.0,0.8084677419354832,0.7889784946236558,0.5255376344086019,0.6404569892473111,0.5530913978494618,0.5040322580645162,0.9650537634408605,0.7627688172043009,0.611559139784946,0.6404569892473111,0
0.19592134013109955,0.3852876911871817,0.3029861616897302,0.6686088856518575,0.6569555717407133,0.6853605243991255,0.5593590677348874,0.531682447195921,0.7370721048798253,0.4603058994901679,0.3481427530954115,0.0,0.19082301529497478,0.05316824471959241,0.06263656227239615,0.046613255644573956,0.20830298616168963,0.62053896576839,1.0,0.7924253459577562,0.7713037144938092,0.4857975236707939,0.6103423160961393,0.5156591405680988,0.4624908958485074,0.962126729788784,0.7428987618353969,0.5790240349599418,0.6103423160961393,0.5491624180626369,0
0.3852876911871817,0.3029861616897302,0.6686088856518575,0.6569555717407133,0.6853605243991255,0.5593590677348874,0.531682447195921,0.7370721048798253,0.4603058994901679,0.3481427530954115,0.0,0.19082301529497478,0.05316824471959241,0.06263656227239615,0.046613255644573956,0.20830298616168963,0.62053896576839,1.0,0.7924253459577562,0.7713037144938092,0.4857975236707939,0.6103423160961393,0.5156591405680988,0.4624908958485074,0.962126729788784,0.7428987618353969,0.5790240349599418,0.6103423160961393,0.5491624180626369,0.582665695557174,0
0.3029861616897302,0.6686088856518575,0.6569555717407133,0.6853605243991255,0.5593590677348874,0.531682447195921,0.7370721048798253,0.4603058994901679,0.3481427530954115,0.0,0.19082301529497478,0.05316824471959241,0.06263656227239615,0.046613255644573956,0.20830298616168963,0.62053896576839,1.0,0.7924253459577562,0.7713037144938092,0.4857975236707939,0.6103423160961393,0.5156591405680988,0.4624908958485074,0.962126729788784,0.7428987618353969,0.5790240349599418,0.6103423160961393,0.5491624180626369,0.582665695557174,0.4930808448652581,0
0.6686088856518575,0.6569555717407133,0.6853605243991255,0.5593590677348874,0.531682447195921,0.7370721048798253,0.4603058994901679,0.3481427530954115,0.0,0.19082301529497478,0.05316824471959241,0.06263656227239615,0.046613255644573956,0.20830298616168963,0.62053896576839,1.0,0.7924253459577562,0.7713037144938092,0.4857975236707939,0.6103423160961393,0.5156591405680988,0.4624908958485074,0.962126729788784,0.7428987618353969,0.5790240349599418,0.6103423160961393,0.5491624180626369,0.582665695557174,0.4930808448652581,0.2636562272396215,0
0.6569555717407133,0.6853605243991255,0.5593590677348874,0.531682447195921,0.7370721048798253,0.4603058994901679,0.3481427530954115,0.0,0.19082301529497478,0.05316824471959241,0.06263656227239615,0.046613255644573956,0.20830298616168963,0.62053896576839,1.0,0.7924253459577562,0.7713037144938092,0.4857975236707939,0.6103423160961393,0.5156591405680988,0.4624908958485074,0.962126729788784,0.7428987618353969,0.5790240349599418,0.6103423160961393,0.5491624180626369,0.582665695557174,0.4930808448652581,0.2636562272396215,0.12964311726147126,0
0.6853605243991255,0.5593590677348874,0.531682447195921,0.7370721048798253,0.4603058994901679,0.3481427530954115,0.0,0.19082301529497478,0.05316824471959241,0.06263656227239615,0.046613255644573956,0.20830298616168963,0.62053896576839,1.0,0.7924253459577562,0.7713037144938092,0.4857975236707939,0.6103423160961393,0.5156591405680988,0.4624908958485074,0.962126729788784,0.7428987618353969,0.5790240349599418,0.6103423160961393,0.5491624180626369,0.582665695557174,0.4930808448652581,0.2636562272396215,0.12964311726147126,0.00436999271667897,0
0.5593590677348874,0.531682447195921,0.7370721048798253,0.4603058994901679,0.3481427530954115,0.0,0.19082301529497478,0.05316824471959241,0.06263656227239615,0.046613255644573956,0.20830298616168963,0.62053896576839,1.0,0.7924253459577562,0.7713037144938092,0.4857975236707939,0.6103423160961393,0.5156591405680988,0.4624908958485074,0.962126729788784,0.7428987618353969,0.5790240349599418,0.6103423160961393,0.5491624180626369,0.582665695557174,0.4930808448652581,0.2636562272396215,0.12964311726147126,0.00436999271667897,0.10633648943918482,0
0.6128838049367846,0.7826610475617098,0.5538832028898256,0.46116797110174573,0.1733895243829016,0.33112582781456956,0.21733895243829016,0.225165562913907,0.21192052980132428,0.3455749548464777,0.6863335340156528,1.0,0.8284166164960862,0.8109572546658639,0.5749548464780251,0.6779048765803728,0.5996387718242019,0.5556893437688142,0.9686935580975319,0.7874774232390126,0.6520168573148705,0.6779048765803728,0.6273329319686937,0.6550270921131846,0.5809753160746534,0.3913305237808549,0.28055388320288965,0.17700180614087885,0.2612883804936787,0.0,1
0.7826610475617098,0.5538832028898256,0.46116797110174573,0.1733895243829016,0.33112582781456956,0.21733895243829016,0.225165562913907,0.21192052980132428,0.3455749548464777,0.6863335340156528,1.0,0.8284166164960862,0.8109572546658639,0.5749548464780251,0.6779048765803728,0.5996387718242019,0.5556893437688142,0.9686935580975319,0.7874774232390126,0.6520168573148705,0.6779048765803728,0.6273329319686937,0.6550270921131846,0.5809753160746534,0.3913305237808549,0.28055388320288965,0.17700180614087885,0.2612883804936787,0.0,0.0836845273931367,0
0.5538832028898256,0.46116797110174573,0.1733895243829016,0.33112582781456956,0.21733895243829016,0.225165562913907,0.21192052980132428,0.3455749548464777,0.6863335340156528,1.0,0.8284166164960862,0.8109572546658639,0.5749548464780251,0.6779048765803728,0.5996387718242019,0.5556893437688142,0.9686935580975319,0.7874774232390126,0.6520168573148705,0.6779048765803728,0.6273329319686937,0.6550270921131846,0.5809753160746534,0.3913305237808549,0.28055388320288965,0.17700180614087885,0.2612883804936787,0.0,0.0836845273931367,0.04154124021673677,0
0.5864140480591497,0.36552680221811445,0.48659889094269876,0.39926062846580407,0.4052680221811458,0.3951016635859518,0.4976894639556375,0.7592421441774488,1.0,0.868299445471349,0.854898336414048,0.6737523105360442,0.7527726432532343,0.6926987060998149,0.6589648798521259,0.9759704251386323,0.8368761552680222,0.732902033271719,0.7527726432532343,0.7139556377079483,0.7352125693160811,0.6783733826247685,0.5328096118299446,0.4477818853974121,0.3682994454713493,0.43299445471349374,0.23243992606284664,0.2966728280961184,0.26432532347504617,0.0,0
0.497437774524158,0.5933382137628112,0.5241581259150805,0.5289165446559295,0.5208638360175695,0.6021229868228403,0.8092972181551974,1.0,0.895680819912152,0.8850658857979502,0.7415812591508052,0.8041727672035136,0.7565885797950218,0.7298682284040997,0.9809663250366034,0.8707906295754025,0.788433382137628,0.8041727672035136,0.7734260614934115,0.7902635431918007,0.7452415812591505,0.6299414348462665,0.5625915080527085,0.4996339677891654,0.550878477306003,0.39202049780380677,0.4428989751098097,0.41727672035139085,0.20790629575402633,0.0,0
0.5933382137628112,0.5241581259150805,0.5289165446559295,0.5208638360175695,0.6021229868228403,0.8092972181551974,1.0,0.895680819912152,0.8850658857979502,0.7415812591508052,0.8041727672035136,0.7565885797950218,0.7298682284040997,0.9809663250366034,0.8707906295754025,0.788433382137628,0.8041727672035136,0.7734260614934115,0.7902635431918007,0.7452415812591505,0.6299414348462665,0.5625915080527085,0.4996339677891654,0.550878477306003,0.39202049780380677,0.4428989751098097,0.41727672035139085,0.20790629575402633,0.0,0.05453879941434828,0
0.5726495726495727,0.5769230769230768,0.5696909927679158,0.6426692965154502,0.828731097961867,1.0,0.9063116370808676,0.8967784352399737,0.7679158448389217,0.8241288625904007,0.7813938198553582,0.7573964497041422,0.9829059829059831,0.8839579224194608,0.8099934253780408,0.8241288625904007,0.7965154503616043,0.81163708086785,0.7712031558185402,0.6676528599605523,0.6071663379355686,0.5506245890861275,0.5966469428007891,0.45397764628533865,0.4996712689020382,0.4766600920447074,0.2886259040105194,0.10190664036817887,0.15088757396449692,0.0,0
0.5907790143084259,0.5837837837837837,0.6543720190779013,0.8343402225755164,1.0,0.9093799682034973,0.9001589825119237,0.7755166931637519,0.8298887122416532,0.7885532591414943,0.7653418124006361,0.9834658187599365,0.8877583465818759,0.8162162162162162,0.8298887122416532,0.8031796502384738,0.817806041335453,0.7786963434022255,0.6785373608903021,0.6200317965023847,0.565341812400636,0.6098569157392688,0.47186009538950724,0.5160572337042926,0.49379968203497615,0.3119236883942767,0.13131955484896668,0.17869634340222565,0.03275039745627984,0.0,0
0.5837837837837837,0.6543720190779013,0.8343402225755164,1.0,0.9093799682034973,0.9001589825119237,0.7755166931637519,0.8298887122416532,0.7885532591414943,0.7653418124006361,0.9834658187599365,0.8877583465818759,0.8162162162162162,0.8298887122416532,0.8031796502384738,0.817806041335453,0.7786963434022255,0.6785373608903021,0.6200317965023847,0.565341812400636,0.6098569157392688,0.47186009538950724,0.5160572337042926,0.49379968203497615,0.3119236883942767,0.13131955484896668,0.17869634340222565,0.03275039745627984,0.0,0.03084260731319551,0
0.6702063106796116,0.8419296116504852,1.0,0.913531553398058,0.9047330097087378,0.7858009708737863,0.8376820388349512,0.7982402912621358,0.7760922330097089,0.984223300970874,0.8929004854368932,0.8246359223300971,0.8376820388349512,0.8121966019417477,0.8261529126213591,0.7888349514563104,0.6932645631067962,0.6374393203883494,0.585254854368932,0.6277305825242719,0.49605582524271846,0.5382281553398058,0.5169902912621359,0.3434466019417476,0.17111650485436894,0.21632281553398044,0.07706310679611647,0.04581310679611644,0.07524271844660184,0.0,0
0.8521985815602835,1.0,0.9191489361702125,0.9109219858156028,0.7997163120567375,0.8482269503546097,0.8113475177304963,0.7906382978723405,0.9852482269503547,0.8998581560283687,0.8360283687943262,0.8482269503546097,0.8243971631205674,0.8374468085106381,0.8025531914893614,0.7131914893617022,0.6609929078014184,0.6121985815602836,0.6519148936170214,0.5287943262411348,0.56822695035461,0.5483687943262411,0.3860992907801418,0.22496453900709218,0.26723404255319133,0.13702127659574465,0.10780141843971623,0.13531914893617009,0.06496453900709218,0.0,1
1.0,0.9192863211554798,0.9110733503256868,0.8000566411781365,0.8484848484848483,0.8116680826961199,0.7909940526762959,0.9852732936845088,0.9000283205890682,0.8363069951854999,0.8484848484848483,0.8246955536675163,0.8377230246389124,0.8028887000849616,0.7136788445199661,0.6615689606343811,0.6128575474369866,0.6525063721325405,0.529595015576324,0.5689606343811952,0.5491362220334183,0.38714245256301333,0.22628150665533847,0.2684791843670347,0.13848768054375532,0.10931747380345509,0.1367884451996601,0.06655338431039369,0.0016992353440952214,0.0,1
0.933026731819488,0.924691003161828,0.8120149468237998,0.8611670020120721,0.8237999425122159,0.8028169014084507,1.0,0.9134808853118711,0.8488071284851968,0.8611670020120721,0.8370221327967806,0.850244323081345,0.8148893360160963,0.7243460764587525,0.6714573153204942,0.6220178212129921,0.6622592699051452,0.5375107789594711,0.5774647887323944,0.5573440643863178,0.39292900258695024,0.2296636964645013,0.272492095429721,0.14055763150330555,0.11095142282265015,0.1388329979879275,0.067548146018971,0.0017246335153780473,0.0,0.024719747053751056,1
0.924691003161828,0.8120149468237998,0.8611670020120721,0.8237999425122159,0.8028169014084507,1.0,0.9134808853118711,0.8488071284851968,0.8611670020120721,0.8370221327967806,0.850244323081345,0.8148893360160963,0.7243460764587525,0.6714573153204942,0.6220178212129921,0.6622592699051452,0.5375107789594711,0.5774647887323944,0.5573440643863178,0.39292900258695024,0.2296636964645013,0.272492095429721,0.14055763150330555,0.11095142282265015,0.1388329979879275,0.067548146018971,0.0017246335153780473,0.0,0.024719747053751056,0.20149468237999416,0
0.8120149468237998,0.8611670020120721,0.8237999425122159,0.8028169014084507,1.0,0.9134808853118711,0.8488071284851968,0.8611670020120721,0.8370221327967806,0.850244323081345,0.8148893360160963,0.7243460764587525,0.6714573153204942,0.6220178212129921,0.6622592699051452,0.5375107789594711,0.5774647887323944,0.5573440643863178,0.39292900258695024,0.2296636964645013,0.272492095429721,0.14055763150330555,0.11095142282265015,0.1388329979879275,0.067548146018971,0.0017246335153780473,0.0,0.024719747053751056,0.20149468237999416,0.07990801954584653,0
0.8611670020120721,0.8237999425122159,0.8028169014084507,1.0,0.9134808853118711,0.8488071284851968,0.8611670020120721,0.8370221327967806,0.850244323081345,0.8148893360160963,0.7243460764587525,0.6714573153204942,0.6220178212129921,0.6622592699051452,0.5375107789594711,0.5774647887323944,0.5573440643863178,0.39292900258695024,0.2296636964645013,0.272492095429721,0.14055763150330555,0.11095142282265015,0.1388329979879275,0.067548146018971,0.0017246335153780473,0.0,0.024719747053751056,0.20149468237999416,0.07990801954584653,0.09887898821500422,0
0.8262964012468119,0.8056106545763673,1.0,0.9147067157835079,0.8509492774156984,0.8631340323037684,0.8393312553131198,0.8523661093794274,0.8175120430716913,0.7282516293567582,0.6761122130915272,0.6273731935392461,0.6670444885236612,0.5440634740719751,0.583451402663644,0.5636157551714366,0.4015301785208274,0.2405780674412015,0.2827996599603286,0.15273448568999715,0.12354774723717764,0.15103428733352217,0.08075942193255882,0.015868517993766002,0.014168319637291015,0.03853782941343154,0.212808160952111,0.0929441768206291,0.11164635874185314,0.0,1
0.8056106545763673,1.0,0.9147067157835079,0.8509492774156984,0.8631340323037684,0.8393312553131198,0.8523661093794274,0.8175120430716913,0.7282516293567582,0.6761122130915272,0.6273731935392461,0.6670444885236612,0.5440634740719751,0.583451402663644,0.5636157551714366,0.4015301785208274,0.2405780674412015,0.2827996599603286,0.15273448568999715,0.12354774723717764,0.15103428733352217,0.08075942193255882,0.015868517993766002,0.014168319637291015,0.03853782941343154,0.212808160952111,0.0929441768206291,0.11164635874185314,0.0,0.06659110229526781,1
1.0,0.9147067157835079,0.8509492774156984,0.8631340323037684,0.8393312553131198,0.8523661093794274,0.8175120430716913,0.7282516293567582,0.6761122130915272,0.6273731935392461,0.6670444885236612,0.5440634740719751,0.583451402663644,0.5636157551714366,0.4015301785208274,0.2405780674412015,0.2827996599603286,0.15273448568999715,0.12354774723717764,0.15103428733352217,0.08075942193255882,0.015868517993766002,0.014168319637291015,0.03853782941343154,0.212808160952111,0.0929441768206291,0.11164635874185314,0.0,0.06659110229526781,0.03740436384244829,1
1.0,0.9302973977695167,0.94361833952912,0.9175960346964066,0.9318463444857497,0.8937422552664186,0.7961586121437423,0.7391573729863692,0.6858736059479554,0.7292441140024785,0.5947955390334573,0.6378562577447336,0.6161710037174721,0.43897149938042135,0.2630111524163569,0.30916976456009904,0.16697645600991326,0.13506815365551422,0.16511771995043364,0.08828996282527884,0.01734820322180924,0.015489467162329615,0.042131350681536534,0.23265179677819076,0.10161090458488231,0.1220570012391573,0.0,0.07280049566294923,0.04089219330855019,0.10966542750929364,1
0.9858831254103745,1.0,0.972422849638871,0.9875246224556797,0.9471437951411688,0.8437294812869339,0.7833223900196981,0.7268548916611952,0.7728168089297442,0.6303348653972425,0.6759684832567304,0.6529875246224558,0.4652002626395274,0.2787261982928432,0.3276428102429415,0.17695338148391337,0.1431385423506238,0.17498358502954692,0.09356533158240322,0.018384766907419647,0.016414970453053186,0.04464871963230465,0.2465528562048588,0.10768220617202895,0.12934996717005903,0.0,0.07715036112935003,0.043335521996060423,0.11621799080761654,0.12902166776099805,0
1.0,0.972422849638871,0.9875246224556797,0.9471437951411688,0.8437294812869339,0.7833223900196981,0.7268548916611952,0.7728168089297442,0.6303348653972425,0.6759684832567304,0.6529875246224558,0.4652002626395274,0.2787261982928432,0.3276428102429415,0.17695338148391337,0.1431385423506238,0.17498358502954692,0.09356533158240322,0.018384766907419647,0.016414970453053186,0.04464871963230465,0.2465528562048588,0.10768220617202895,0.12934996717005903,0.0,0.07715036112935003,0.043335521996060423,0.11621799080761654,0.12902166776099805,0.1283650689428758,1
0.9847074468085109,1.0,0.9591090425531914,0.8543882978723406,0.793218085106383,0.7360372340425533,0.7825797872340428,0.6382978723404257,0.6845079787234044,0.6612367021276596,0.47107712765957455,0.282247340425532,0.3317819148936169,0.17918882978723408,0.1449468085106383,0.17719414893617016,0.09474734042553197,0.01861702127659582,0.016622340425531915,0.04521276595744679,0.2496675531914893,0.10904255319148941,0.13098404255319143,0.0,0.07812500000000006,0.04388297872340427,0.11768617021276594,0.13065159574468085,0.12998670212765948,0.1107047872340425,1
1.0,0.9591090425531914,0.8543882978723406,0.793218085106383,0.7360372340425533,0.7825797872340428,0.6382978723404257,0.6845079787234044,0.6612367021276596,0.47107712765957455,0.282247340425532,0.3317819148936169,0.17918882978723408,0.1449468085106383,0.17719414893617016,0.09474734042553197,0.01861702127659582,0.016622340425531915,0.04521276595744679,0.2496675531914893,0.10904255319148941,0.13098404255319143,0.0,0.07812500000000006,0.04388297872340427,0.11768617021276594,0.13065159574468085,0.12998670212765948,0.1107047872340425,0.20777925531914895,1
1.0,0.8908145580589257,0.8270363951473139,0.7674176776429811,0.8159445407279033,0.665511265164645,0.7136915077989604,0.6894280762564993,0.4911611785095322,0.29428076256499147,0.34592720970537255,0.18682842287694978,0.15112651646447142,0.18474870017331022,0.09878682842287702,0.019410745233968886,0.017331022530329292,0.047140381282495654,0.2603119584055459,0.1136915077989602,0.13656845753899474,0.0,0.08145580589254772,0.045753899480069346,0.12270363951473136,0.13622183708838823,0.13552859618717494,0.11542461005199303,0.21663778162911615,0.31265164644714055,0
1.0,0.9284046692607003,0.8614785992217898,0.9159533073929963,0.7470817120622568,0.8011673151750973,0.7739299610894941,0.5513618677042802,0.33035019455252923,0.3883268482490271,0.20972762645914397,0.16964980544747077,0.20739299610894932,0.11089494163424128,0.021789883268482576,0.019455252918287935,0.05291828793774316,0.29221789883268473,0.1276264591439689,0.15330739299610885,0.0,0.09143968871595336,0.05136186770428016,0.13774319066147855,0.15291828793774317,0.15214007782101152,0.1295719844357976,0.2431906614785992,0.3509727626459145,0.30233463035019464,0
1.0,0.9279128248113999,0.9865884325230514,0.8046940486169323,0.862950544844929,0.8336127409891031,0.5938809723386421,0.3558256496227998,0.4182732606873427,0.22590108968985753,0.18273260687342832,0.22338642078792953,0.11944677284157593,0.023470243084660617,0.020955574182732608,0.05699916177703267,0.3147527242246437,0.13746856663872595,0.16512992455993286,0.0,0.09849119865884332,0.0553227158424141,0.14836546521374683,0.16471081307627827,0.16387259010896885,0.13956412405699908,0.2619446772841576,0.37803855825649635,0.32564962279966486,0.26487845766974016,1
0.9405267629566693,1.0,0.8156329651656754,0.8746813933729821,0.8449447748513167,0.6019541206457093,0.3606627017841971,0.4239592183517415,0.2289719626168224,0.18521665250637206,0.22642310960067957,0.12107051826677998,0.02378929481733229,0.02124044180118946,0.05777400169923531,0.31903143585386556,0.1393372982158029,0.16737468139337283,0.0,0.09983007646559051,0.056074766355140186,0.15038232795242135,0.16694987255734914,0.16610025488530142,0.14146134239592173,0.26550552251486825,0.383177570093458,0.3300764655904843,0.2684791843670348,0.3368734069668648,1
1.0,0.8156329651656754,0.8746813933729821,0.8449447748513167,0.6019541206457093,0.3606627017841971,0.4239592183517415,0.2289719626168224,0.18521665250637206,0.22642310960067957,0.12107051826677998,0.02378929481733229,0.02124044180118946,0.05777400169923531,0.31903143585386556,0.1393372982158029,0.16737468139337283,0.0,0.09983007646559051,0.056074766355140186,0.15038232795242135,0.16694987255734914,0.16610025488530142,0.14146134239592173,0.26550552251486825,0.383177570093458,0.3300764655904843,0.2684791843670348,0.3368734069668648,0.5076465590484281,0
0.932491500728509,1.0,0.9660029140359396,0.6881981544439048,0.41233608547838757,0.48470131131617267,0.2617775619232637,0.2117532782904322,0.258863525983487,0.1384167071393881,0.027197668771248285,0.024283632831471585,0.06605148130160268,0.3647401651287031,0.15930063137445366,0.19135502671199597,0.0,0.11413307430791651,0.064108790675085,0.17192812044681877,0.19086935405536665,0.18989800874210763,0.16172899465760066,0.3035454103933948,0.4380767362797475,0.37736765420106855,0.3069451189898008,0.38513841670713933,0.580378824672171,0.5658086449732882,1
1.0,0.9660029140359396,0.6881981544439048,0.41233608547838757,0.48470131131617267,0.2617775619232637,0.2117532782904322,0.258863525983487,0.1384167071393881,0.027197668771248285,0.024283632831471585,0.06605148130160268,0.3647401651287031,0.15930063137445366,0.19135502671199597,0.0,0.11413307430791651,0.064108790675085,0.17192812044681877,0.19086935405536665,0.18989800874210763,0.16172899465760066,0.3035454103933948,0.4380767362797475,0.37736765420106855,0.3069451189898008,0.38513841670713933,0.580378824672171,0.5658086449732882,0.552209810587664,0
1.0,0.7124183006535948,0.4268476621417799,0.5017596782302663,0.27099044746103573,0.21920563097033682,0.2679738562091502,0.14328808446455513,0.028154851684263564,0.02513826043237808,0.06837606837606834,0.37757667169431863,0.16490698843640025,0.19808949220713915,0.0,0.11814982403217704,0.06636500754147814,0.17797888386123675,0.1975867269984917,0.1965811965811964,0.1674208144796379,0.314228255404726,0.4534942182001007,0.3906485671191555,0.3177476118652589,0.3986928104575163,0.6008044243338362,0.5857214680744095,0.5716440422322777,0.6892911010558066,0
1.0,0.5991531404375442,0.7043048694424838,0.3803810868031052,0.3076923076923076,0.37614678899082554,0.2011291460832746,0.03952011291460848,0.03528581510232886,0.09597741707833446,0.5299929428369793,0.2314749470712774,0.27805222300635124,0.0,0.16584333098094575,0.0931545518701482,0.24982357092448826,0.27734650670430483,0.27593507410021145,0.23500352858151008,0.44107268877911077,0.6365561044460128,0.5483415666901907,0.4460127028934368,0.5596330275229356,0.84333098094566,0.8221594918842628,0.8023994354269586,0.9675370501058569,0.3133380381086801,0
0.6192560175054709,0.7279358132749819,0.39314369073668876,0.31801604668125466,0.38876732312180895,0.20787746170678356,0.040846097738876916,0.036469730123997096,0.09919766593727207,0.5477753464624363,0.23924142961342104,0.28738147337709696,0.0,0.17140773158278647,0.09628008752735236,0.2582056892778994,0.2866520787746172,0.28519328956965706,0.24288840262582057,0.4558716265499637,0.6579139314369079,0.5667396061269151,0.46097738876732336,0.578409919766594,0.8716265499635308,0.8497447118891328,0.8293216630196943,1.0,0.3238512035010941,0.2545587162654999,0
0.7279358132749819,0.39314369073668876,0.31801604668125466,0.38876732312180895,0.20787746170678356,0.040846097738876916,0.036469730123997096,0.09919766593727207,0.5477753464624363,0.23924142961342104,0.28738147337709696,0.0,0.17140773158278647,0.09628008752735236,0.2582056892778994,0.2866520787746172,0.28519328956965706,0.24288840262582057,0.4558716265499637,0.6579139314369079,0.5667396061269151,0.46097738876732336,0.578409919766594,0.8716265499635308,0.8497447118891328,0.8293216630196943,1.0,0.3238512035010941,0.2545587162654999,0.16046681254558745,0
0.4250172771250865,0.35383552176917765,0.42087076710435384,0.24948168624740855,0.09122322045611618,0.08707671043538347,0.14651002073255,0.5715272978576366,0.2791983413959918,0.32480995162404963,0.052522460262612196,0.21492743607463727,0.14374568071872837,0.2971665514858327,0.32411886662059436,0.3227366966136833,0.2826537664132687,0.48445058742225305,0.6758811333794061,0.589495507947478,0.48928818244644107,0.6005528680027645,0.8783690393918457,0.8576364892881831,0.8382861091914312,1.0,0.35936420179682094,0.2937111264685558,0.20456116102280597,0.0,1
0.35383552176917765,0.42087076710435384,0.24948168624740855,0.09122322045611618,0.08707671043538347,0.14651002073255,0.5715272978576366,0.2791983413959918,0.32480995162404963,0.052522460262612196,0.21492743607463727,0.14374568071872837,0.2971665514858327,0.32411886662059436,0.3227366966136833,0.2826537664132687,0.48445058742225305,0.6758811333794061,0.589495507947478,0.48928818244644107,0.6005528680027645,0.8783690393918457,0.8576364892881831,0.8382861091914312,1.0,0.35936420179682094,0.2937111264685558,0.20456116102280597,0.0,0.11610228058051145,0
0.42087076710435384,0.24948168624740855,0.09122322045611618,0.08707671043538347,0.14651002073255,0.5715272978576366,0.2791983413959918,0.32480995162404963,0.052522460262612196,0.21492743607463727,0.14374568071872837,0.2971665514858327,0.32411886662059436,0.3227366966136833,0.2826537664132687,0.48445058742225305,0.6758811333794061,0.589495507947478,0.48928818244644107,0.6005528680027645,0.8783690393918457,0.8576364892881831,0.8382861091914312,1.0,0.35936420179682094,0.2937111264685558,0.20456116102280597,0.0,0.11610228058051145,0.09398756046993782,0
0.29204693611473304,0.14276401564537192,0.13885267275097804,0.1949152542372883,0.5958279009126468,0.32007822685788817,0.36310299869621915,0.10625814863103018,0.2594524119947852,0.19230769230769254,0.33702737940026095,0.3624511082138203,0.3611473272490222,0.32333767926988277,0.5136897001303784,0.6942633637548897,0.6127770534550201,0.518252933507171,0.6232073011734032,0.8852672750977841,0.8657105606258156,0.8474576271186447,1.0,0.395697522816167,0.33376792698826635,0.24967405475880095,0.056714471968709566,0.16623207301173434,0.1453715775749677,0.0,1
0.1806853582554521,0.17694704049844262,0.23052959501557654,0.6137071651090344,0.35015576323987574,0.3912772585669783,0.14579439252336474,0.2922118380062309,0.22803738317757036,0.3663551401869161,0.3906542056074769,0.38940809968847356,0.35327102803738336,0.5352024922118384,0.70778816199377,0.6299065420560753,0.5395638629283492,0.6398753894081,0.8903426791277264,0.8716510903426798,0.8542056074766362,1.0,0.4224299065420562,0.3632398753894085,0.2828660436137076,0.09844236760124646,0.20311526479750813,0.18317757009345828,0.044236760124610655,0.0,1
0.17694704049844262,0.23052959501557654,0.6137071651090344,0.35015576323987574,0.3912772585669783,0.14579439252336474,0.2922118380062309,0.22803738317757036,0.3663551401869161,0.3906542056074769,0.38940809968847356,0.35327102803738336,0.5352024922118384,0.70778816199377,0.6299065420560753,0.5395638629283492,0.6398753894081,0.8903426791277264,0.8716510903426798,0.8542056074766362,1.0,0.4224299065420562,0.3632398753894085,0.2828660436137076,0.09844236760124646,0.20311526479750813,0.18317757009345828,0.044236760124610655,0.0,0.17943925233644878,1
0.23052959501557654,0.6137071651090344,0.35015576323987574,0.3912772585669783,0.14579439252336474,0.2922118380062309,0.22803738317757036,0.3663551401869161,0.3906542056074769,0.38940809968847356,0.35327102803738336,0.5352024922118384,0.70778816199377,0.6299065420560753,0.5395638629283492,0.6398753894081,0.8903426791277264,0.8716510903426798,0.8542056074766362,1.0,0.4224299065420562,0.3632398753894085,0.2828660436137076,0.09844236760124646,0.20311526479750813,0.18317757009345828,0.044236760124610655,0.0,0.17943925233644878,0.30654205607476653,1
0.6137071651090344,0.35015576323987574,0.3912772585669783,0.14579439252336474,0.2922118380062309,0.22803738317757036,0.3663551401869161,0.3906542056074769,0.38940809968847356,0.35327102803738336,0.5352024922118384,0.70778816199377,0.6299065420560753,0.5395638629283492,0.6398753894081,0.8903426791277264,0.8716510903426798,0.8542056074766362,1.0,0.4224299065420562,0.3632398753894085,0.2828660436137076,0.09844236760124646,0.20311526479750813,0.18317757009345828,0.044236760124610655,0.0,0.17943925233644878,0.30654205607476653,0.3146417445482869,0
0.35015576323987574,0.3912772585669783,0.14579439252336474,0.2922118380062309,0.22803738317757036,0.3663551401869161,0.3906542056074769,0.38940809968847356,0.35327102803738336,0.5352024922118384,0.70778816199377,0.6299065420560753,0.5395638629283492,0.6398753894081,0.8903426791277264,0.8716510903426798,0.8542056074766362,1.0,0.4224299065420562,0.3632398753894085,0.2828660436137076,0.09844236760124646,0.20311526479750813,0.18317757009345828,0.044236760124610655,0.0,0.17943925233644878,0.30654205607476653,0.3146417445482869,0.3308411214953273,0
0.3912772585669783,0.14579439252336474,0.2922118380062309,0.22803738317757036,0.3663551401869161,0.3906542056074769,0.38940809968847356,0.35327102803738336,0.5352024922118384,0.70778816199377,0.6299065420560753,0.5395638629283492,0.6398753894081,0.8903426791277264,0.8716510903426798,0.8542056074766362,1.0,0.4224299065420562,0.3632398753894085,0.2828660436137076,0.09844236760124646,0.20311526479750813,0.18317757009345828,0.044236760124610655,0.0,0.17943925233644878,0.30654205607476653,0.3146417445482869,0.3308411214953273,0.05482866043613724,1
0.14579439252336474,0.2922118380062309,0.22803738317757036,0.3663551401869161,0.3906542056074769,0.38940809968847356,0.35327102803738336,0.5352024922118384,0.70778816199377,0.6299065420560753,0.5395638629283492,0.6398753894081,0.8903426791277264,0.8716510903426798,0.8542056074766362,1.0,0.4224299065420562,0.3632398753894085,0.2828660436137076,0.09844236760124646,0.20311526479750813,0.18317757009345828,0.044236760124610655,0.0,0.17943925233644878,0.30654205607476653,0.3146417445482869,0.3308411214953273,0.05482866043613724,0.1520249221183804,1
0.2922118380062309,0.22803738317757036,0.3663551401869161,0.3906542056074769,0.38940809968847356,0.35327102803738336,0.5352024922118384,0.70778816199377,0.6299065420560753,0.5395638629283492,0.6398753894081,0.8903426791277264,0.8716510903426798,0.8542056074766362,1.0,0.4224299065420562,0.3632398753894085,0.2828660436137076,0.09844236760124646,0.20311526479750813,0.18317757009345828,0.044236760124610655,0.0,0.17943925233644878,0.30654205607476653,0.3146417445482869,0.3308411214953273,0.05482866043613724,0.1520249221183804,0.16635514018691602,1
0.22803738317757036,0.3663551401869161,0.3906542056074769,0.38940809968847356,0.35327102803738336,0.5352024922118384,0.70778816199377,0.6299065420560753,0.5395638629283492,0.6398753894081,0.8903426791277264,0.8716510903426798,0.8542056074766362,1.0,0.4224299065420562,0.3632398753894085,0.2828660436137076,0.09844236760124646,0.20311526479750813,0.18317757009345828,0.044236760124610655,0.0,0.17943925233644878,0.30654205607476653,0.3146417445482869,0.3308411214953273,0.05482866043613724,0.1520249221183804,0.16635514018691602,0.30965732087227454,1
0.3663551401869161,0.3906542056074769,0.38940809968847356,0.35327102803738336,0.5352024922118384,0.70778816199377,0.6299065420560753,0.5395638629283492,0.6398753894081,0.8903426791277264,0.8716510903426798,0.8542056074766362,1.0,0.4224299065420562,0.3632398753894085,0.2828660436137076,0.09844236760124646,0.20311526479750813,0.18317757009345828,0.044236760124610655,0.0,0.17943925233644878,0.30654205607476653,0.3146417445482869,0.3308411214953273,0.05482866043613724,0.1520249221183804,0.16635514018691602,0.30965732087227454,0.5644859813084114,1
0.3906542056074769,0.38940809968847356,0.35327102803738336,0.5352024922118384,0.70778816199377,0.6299065420560753,0.5395638629283492,0.6398753894081,0.8903426791277264,0.8716510903426798,0.8542056074766362,1.0,0.4224299065420562,0.3632398753894085,0.2828660436137076,0.09844236760124646,0.20311526479750813,0.18317757009345828,0.044236760124610655,0.0,0.17943925233644878,0.30654205607476653,0.3146417445482869,0.3308411214953273,0.05482866043613724,0.1520249221183804,0.16635514018691602,0.30965732087227454,0.5644859813084114,0.5470404984423678,0
0.38940809968847356,0.35327102803738336,0.5352024922118384,0.70778816199377,0.6299065420560753,0.5395638629283492,0.6398753894081,0.8903426791277264,0.8716510903426798,0.8542056074766362,1.0,0.4224299065420562,0.3632398753894085,0.2828660436137076,0.09844236760124646,0.20311526479750813,0.18317757009345828,0.044236760124610655,0.0,0.17943925233644878,0.30654205607476653,0.3146417445482869,0.3308411214953273,0.05482866043613724,0.1520249221183804,0.16635514018691602,0.30965732087227454,0.5644859813084114,0.5470404984423678,0.6049844236760126,0
0.35327102803738336,0.5352024922118384,0.70778816199377,0.6299065420560753,0.5395638629283492,0.6398753894081,0.8903426791277264,0.8716510903426798,0.8542056074766362,1.0,0.4224299065420562,0.3632398753894085,0.2828660436137076,0.09844236760124646,0.20311526479750813,0.18317757009345828,0.044236760124610655,0.0,0.17943925233644878,0.30654205607476653,0.3146417445482869,0.3308411214953273,0.05482866043613724,0.1520249221183804,0.16635514018691602,0.30965732087227454,0.5644859813084114,0.5470404984423678,0.6049844236760126,0.39314641744548307,0
0.5352024922118384,0.70778816199377,0.6299065420560753,0.5395638629283492,0.6398753894081,0.8903426791277264,0.8716510903426798,0.8542056074766362,1.0,0.4224299065420562,0.3632398753894085,0.2828660436137076,0.09844236760124646,0.20311526479750813,0.18317757009345828,0.044236760124610655,0.0,0.17943925233644878,0.30654205607476653,0.3146417445482869,0.3308411214953273,0.05482866043613724,0.1520249221183804,0.16635514018691602,0.30965732087227454,0.5644859813084114,0.5470404984423678,0.6049844236760126,0.39314641744548307,0.3663551401869161,1
0.70778816199377,0.6299065420560753,0.5395638629283492,0.6398753894081,0.8903426791277264,0.8716510903426798,0.8542056074766362,1.0,0.4224299065420562,0.3632398753894085,0.2828660436137076,0.09844236760124646,0.20311526479750813,0.18317757009345828,0.044236760124610655,0.0,0.17943925233644878,0.30654205607476653,0.3146417445482869,0.3308411214953273,0.05482866043613724,0.1520249221183804,0.16635514018691602,0.30965732087227454,0.5644859813084114,0.5470404984423678,0.6049844236760126,0.39314641744548307,0.3663551401869161,0.35763239875389424,1
0.6299065420560753,0.5395638629283492,0.6398753894081,0.8903426791277264,0.8716510903426798,0.8542056074766362,1.0,0.4224299065420562,0.3632398753894085,0.2828660436137076,0.09844236760124646,0.20311526479750813,0.18317757009345828,0.044236760124610655,0.0,0.17943925233644878,0.30654205607476653,0.3146417445482869,0.3308411214953273,0.05482866043613724,0.1520249221183804,0.16635514018691602,0.30965732087227454,0.5644859813084114,0.5470404984423678,0.6049844236760126,0.39314641744548307,0.3663551401869161,0.35763239875389424,0.7052959501557634,0
0.5395638629283492,0.6398753894081,0.8903426791277264,0.8716510903426798,0.8542056074766362,1.0,0.4224299065420562,0.3632398753894085,0.2828660436137076,0.09844236760124646,0.20311526479750813,0.18317757009345828,0.044236760124610655,0.0,0.17943925233644878,0.30654205607476653,0.3146417445482869,0.3308411214953273,0.05482866043613724,0.1520249221183804,0.16635514018691602,0.30965732087227454,0.5644859813084114,0.5470404984423678,0.6049844236760126,0.39314641744548307,0.3663551401869161,0.35763239875389424,0.7052959501557634,0.6380062305295953,0
0.6398753894081,0.8903426791277264,0.8716510903426798,0.8542056074766362,1.0,0.4224299065420562,0.3632398753894085,0.2828660436137076,0.09844236760124646,0.20311526479750813,0.18317757009345828,0.044236760124610655,0.0,0.17943925233644878,0.30654205607476653,0.3146417445482869,0.3308411214953273,0.05482866043613724,0.1520249221183804,0.16635514018691602,0.30965732087227454,0.5644859813084114,0.5470404984423678,0.6049844236760126,0.39314641744548307,0.3663551401869161,0.35763239875389424,0.7052959501557634,0.6380062305295953,0.6199376947040501,0
0.8903426791277264,0.8716510903426798,0.8542056074766362,1.0,0.4224299065420562,0.3632398753894085,0.2828660436137076,0.09844236760124646,0.20311526479750813,0.18317757009345828,0.044236760124610655,0.0,0.17943925233644878,0.30654205607476653,0.3146417445482869,0.3308411214953273,0.05482866043613724,0.1520249221183804,0.16635514018691602,0.30965732087227454,0.5644859813084114,0.5470404984423678,0.6049844236760126,0.39314641744548307,0.3663551401869161,0.35763239875389424,0.7052959501557634,0.6380062305295953,0.6199376947040501,0.590654205607477,0
0.8716510903426798,0.8542056074766362,1.0,0.4224299065420562,0.3632398753894085,0.2828660436137076,0.09844236760124646,0.20311526479750813,0.18317757009345828,0.044236760124610655,0.0,0.17943925233644878,0.30654205607476653,0.3146417445482869,0.3308411214953273,0.05482866043613724,0.1520249221183804,0.16635514018691602,0.30965732087227454,0.5644859813084114,0.5470404984423678,0.6049844236760126,0.39314641744548307,0.3663551401869161,0.35763239875389424,0.7052959501557634,0.6380062305295953,0.6199376947040501,0.590654205607477,0.5327102803738322,0
0.8542056074766362,1.0,0.4224299065420562,0.3632398753894085,0.2828660436137076,0.09844236760124646,0.20311526479750813,0.18317757009345828,0.044236760124610655,0.0,0.17943925233644878,0.30654205607476653,0.3146417445482869,0.3308411214953273,0.05482866043613724,0.1520249221183804,0.16635514018691602,0.30965732087227454,0.5644859813084114,0.5470404984423678,0.6049844236760126,0.39314641744548307,0.3663551401869161,0.35763239875389424,0.7052959501557634,0.6380062305295953,0.6199376947040501,0.590654205607477,0.5327102803738322,0.5015576323987543,0
1.0,0.4224299065420562,0.3632398753894085,0.2828660436137076,0.09844236760124646,0.20311526479750813,0.18317757009345828,0.044236760124610655,0.0,0.17943925233644878,0.30654205607476653,0.3146417445482869,0.3308411214953273,0.05482866043613724,0.1520249221183804,0.16635514018691602,0.30965732087227454,0.5644859813084114,0.5470404984423678,0.6049844236760126,0.39314641744548307,0.3663551401869161,0.35763239875389424,0.7052959501557634,0.6380062305295953,0.6199376947040501,0.590654205607477,0.5327102803738322,0.5015576323987543,0.3626168224299066,1
0.598939929328622,0.5150176678445234,0.4010600706713786,0.13957597173144923,0.28798586572438206,0.2597173144876329,0.06272084805653717,0.0,0.25441696113074225,0.4346289752650178,0.44611307420494734,0.4690812720848058,0.07773851590106029,0.21554770318021244,0.2358657243816256,0.43904593639576023,0.8003533568904595,0.775618374558304,0.8577738515901061,0.5574204946996468,0.5194346289752653,0.5070671378091874,1.0,0.9045936395759718,0.8789752650176681,0.8374558303886929,0.7553003533568908,0.7111307420494704,0.5141342756183745,0.5848056537102477,1
0.5150176678445234,0.4010600706713786,0.13957597173144923,0.28798586572438206,0.2597173144876329,0.06272084805653717,0.0,0.25441696113074225,0.4346289752650178,0.44611307420494734,0.4690812720848058,0.07773851590106029,0.21554770318021244,0.2358657243816256,0.43904593639576023,0.8003533568904595,0.775618374558304,0.8577738515901061,0.5574204946996468,0.5194346289752653,0.5070671378091874,1.0,0.9045936395759718,0.8789752650176681,0.8374558303886929,0.7553003533568908,0.7111307420494704,0.5141342756183745,0.5848056537102477,0.62809187279152,0
0.4010600706713786,0.13957597173144923,0.28798586572438206,0.2597173144876329,0.06272084805653717,0.0,0.25441696113074225,0.4346289752650178,0.44611307420494734,0.4690812720848058,0.07773851590106029,0.21554770318021244,0.2358657243816256,0.43904593639576023,0.8003533568904595,0.775618374558304,0.8577738515901061,0.5574204946996468,0.5194346289752653,0.5070671378091874,1.0,0.9045936395759718,0.8789752650176681,0.8374558303886929,0.7553003533568908,0.7111307420494704,0.5141342756183745,0.5848056537102477,0.62809187279152,0.5459363957597179,1
0.13957597173144923,0.28798586572438206,0.2597173144876329,0.06272084805653717,0.0,0.25441696113074225,0.4346289752650178,0.44611307420494734,0.4690812720848058,0.07773851590106029,0.21554770318021244,0.2358657243816256,0.43904593639576023,0.8003533568904595,0.775618374558304,0.8577738515901061,0.5574204946996468,0.5194346289752653,0.5070671378091874,1.0,0.9045936395759718,0.8789752650176681,0.8374558303886929,0.7553003533568908,0.7111307420494704,0.5141342756183745,0.5848056537102477,0.62809187279152,0.5459363957597179,0.5742049469964664,1
0.28798586572438206,0.2597173144876329,0.06272084805653717,0.0,0.25441696113074225,0.4346289752650178,0.44611307420494734,0.4690812720848058,0.07773851590106029,0.21554770318021244,0.2358657243816256,0.43904593639576023,0.8003533568904595,0.775618374558304,0.8577738515901061,0.5574204946996468,0.5194346289752653,0.5070671378091874,1.0,0.9045936395759718,0.8789752650176681,0.8374558303886929,0.7553003533568908,0.7111307420494704,0.5141342756183745,0.5848056537102477,0.62809187279152,0.5459363957597179,0.5742049469964664,0.6846289752650176,0
0.2597173144876329,0.06272084805653717,0.0,0.25441696113074225,0.4346289752650178,0.44611307420494734,0.4690812720848058,0.07773851590106029,0.21554770318021244,0.2358657243816256,0.43904593639576023,0.8003533568904595,0.775618374558304,0.8577738515901061,0.5574204946996468,0.5194346289752653,0.5070671378091874,1.0,0.9045936395759718,0.8789752650176681,0.8374558303886929,0.7553003533568908,0.7111307420494704,0.5141342756183745,0.5848056537102477,0.62809187279152,0.5459363957597179,0.5742049469964664,0.6846289752650176,0.6227915194346293,0
0.06272084805653717,0.0,0.25441696113074225,0.4346289752650178,0.44611307420494734,0.4690812720848058,0.07773851590106029,0.21554770318021244,0.2358657243816256,0.43904593639576023,0.8003533568904595,0.775618374558304,0.8577738515901061,0.5574204946996468,0.5194346289752653,0.5070671378091874,1.0,0.9045936395759718,0.8789752650176681,0.8374558303886929,0.7553003533568908,0.7111307420494704,0.5141342756183745,0.5848056537102477,0.62809187279152,0.5459363957597179,0.5742049469964664,0.6846289752650176,0.6227915194346293,0.558303886925795,0
0.03659574468085104,0.28170212765957464,0.4553191489361703,0.4663829787234046,0.4885106382978725,0.11148936170212785,0.24425531914893656,0.26382978723404266,0.4595744680851069,0.8076595744680852,0.7838297872340426,0.8629787234042554,0.5736170212765959,0.5370212765957448,0.5251063829787236,1.0,0.9080851063829789,0.8834042553191491,0.8434042553191492,0.7642553191489365,0.7217021276595748,0.5319148936170213,0.6000000000000003,0.641702127659575,0.5625531914893622,0.5897872340425532,0.6961702127659575,0.6365957446808514,0.574468085106383,0.0,1
0.28170212765957464,0.4553191489361703,0.4663829787234046,0.4885106382978725,0.11148936170212785,0.24425531914893656,0.26382978723404266,0.4595744680851069,0.8076595744680852,0.7838297872340426,0.8629787234042554,0.5736170212765959,0.5370212765957448,0.5251063829787236,1.0,0.9080851063829789,0.8834042553191491,0.8434042553191492,0.7642553191489365,0.7217021276595748,0.5319148936170213,0.6000000000000003,0.641702127659575,0.5625531914893622,0.5897872340425532,0.6961702127659575,0.6365957446808514,0.574468085106383,0.0,0.1974468085106383,0
0.4553191489361703,0.4663829787234046,0.4885106382978725,0.11148936170212785,0.24425531914893656,0.26382978723404266,0.4595744680851069,0.8076595744680852,0.7838297872340426,0.8629787234042554,0.5736170212765959,0.5370212765957448,0.5251063829787236,1.0,0.9080851063829789,0.8834042553191491,0.8434042553191492,0.7642553191489365,0.7217021276595748,0.5319148936170213,0.6000000000000003,0.641702127659575,0.5625531914893622,0.5897872340425532,0.6961702127659575,0.6365957446808514,0.574468085106383,0.0,0.1974468085106383,0.18893617021276646,1
0.4663829787234046,0.4885106382978725,0.11148936170212785,0.24425531914893656,0.26382978723404266,0.4595744680851069,0.8076595744680852,0.7838297872340426,0.8629787234042554,0.5736170212765959,0.5370212765957448,0.5251063829787236,1.0,0.9080851063829789,0.8834042553191491,0.8434042553191492,0.7642553191489365,0.7217021276595748,0.5319148936170213,0.6000000000000003,0.641702127659575,0.5625531914893622,0.5897872340425532,0.6961702127659575,0.6365957446808514,0.574468085106383,0.0,0.1974468085106383,0.18893617021276646,0.08170212765957455,1
0.4885106382978725,0.11148936170212785,0.24425531914893656,0.26382978723404266,0.4595744680851069,0.8076595744680852,0.7838297872340426,0.8629787234042554,0.5736170212765959,0.5370212765957448,0.5251063829787236,1.0,0.9080851063829789,0.8834042553191491,0.8434042553191492,0.7642553191489365,0.7217021276595748,0.5319148936170213,0.6000000000000003,0.641702127659575,0.5625531914893622,0.5897872340425532,0.6961702127659575,0.6365957446808514,0.574468085106383,0.0,0.1974468085106383,0.18893617021276646,0.08170212765957455,0.31063829787234093,0
0.11148936170212785,0.24425531914893656,0.26382978723404266,0.4595744680851069,0.8076595744680852,0.7838297872340426,0.8629787234042554,0.5736170212765959,0.5370212765957448,0.5251063829787236,1.0,0.9080851063829789,0.8834042553191491,0.8434042553191492,0.7642553191489365,0.7217021276595748,0.5319148936170213,0.6000000000000003,0.641702127659575,0.5625531914893622,0.5897872340425532,0.6961702127659575,0.6365957446808514,0.574468085106383,0.0,0.1974468085106383,0.18893617021276646,0.08170212765957455,0.31063829787234093,0.24170212765957474,0
0.24425531914893656,0.26382978723404266,0.4595744680851069,0.8076595744680852,0.7838297872340426,0.8629787234042554,0.5736170212765959,0.5370212765957448,0.5251063829787236,1.0,0.9080851063829789,0.8834042553191491,0.8434042553191492,0.7642553191489365,0.7217021276595748,0.5319148936170213,0.6000000000000003,0.641702127659575,0.5625531914893622,0.5897872340425532,0.6961702127659575,0.6365957446808514,0.574468085106383,0.0,0.1974468085106383,0.18893617021276646,0.08170212765957455,0.31063829787234093,0.24170212765957474,0.20765957446808553,0
0.26382978723404266,0.4595744680851069,0.8076595744680852,0.7838297872340426,0.8629787234042554,0.5736170212765959,0.5370212765957448,0.5251063829787236,1.0,0.9080851063829789,0.8834042553191491,0.8434042553191492,0.7642553191489365,0.7217021276595748,0.5319148936170213,0.6000000000000003,0.641702127659575,0.5625531914893622,0.5897872340425532,0.6961702127659575,0.6365957446808514,0.574468085106383,0.0,0.1974468085106383,0.18893617021276646,0.08170212765957455,0.31063829787234093,0.24170212765957474,0.20765957446808553,0.1106382978723408,1
0.4595744680851069,0.8076595744680852,0.7838297872340426,0.8629787234042554,0.5736170212765959,0.5370212765957448,0.5251063829787236,1.0,0.9080851063829789,0.8834042553191491,0.8434042553191492,0.7642553191489365,0.7217021276595748,0.5319148936170213,0.6000000000000003,0.641702127659575,0.5625531914893622,0.5897872340425532,0.6961702127659575,0.6365957446808514,0.574468085106383,0.0,0.1974468085106383,0.18893617021276646,0.08170212765957455,0.31063829787234093,0.24170212765957474,0.20765957446808553,0.1106382978723408,0.15234042553191543,1
0.8076595744680852,0.7838297872340426,0.8629787234042554,0.5736170212765959,0.5370212765957448,0.5251063829787236,1.0,0.9080851063829789,0.8834042553191491,0.8434042553191492,0.7642553191489365,0.7217021276595748,0.5319148936170213,0.6000000000000003,0.641702127659575,0.5625531914893622,0.5897872340425532,0.6961702127659575,0.6365957446808514,0.574468085106383,0.0,0.1974468085106383,0.18893617021276646,0.08170212765957455,0.31063829787234093,0.24170212765957474,0.20765957446808553,0.1106382978723408,0.15234042553191543,0.18127659574468108,0
0.7838297872340426,0.8629787234042554,0.5736170212765959,0.5370212765957448,0.5251063829787236,1.0,0.9080851063829789,0.8834042553191491,0.8434042553191492,0.7642553191489365,0.7217021276595748,0.5319148936170213,0.6000000000000003,0.641702127659575,0.5625531914893622,0.5897872340425532,0.6961702127659575,0.6365957446808514,0.574468085106383,0.0,0.1974468085106383,0.18893617021276646,0.08170212765957455,0.31063829787234093,0.24170212765957474,0.20765957446808553,0.1106382978723408,0.15234042553191543,0.18127659574468108,0.14382978723404297,0
0.8629787234042554,0.5736170212765959,0.5370212765957448,0.5251063829787236,1.0,0.9080851063829789,0.8834042553191491,0.8434042553191492,0.7642553191489365,0.7217021276595748,0.5319148936170213,0.6000000000000003,0.641702127659575,0.5625531914893622,0.5897872340425532,0.6961702127659575,0.6365957446808514,0.574468085106383,0.0,0.1974468085106383,0.18893617021276646,0.08170212765957455,0.31063829787234093,0.24170212765957474,0.20765957446808553,0.1106382978723408,0.15234042553191543,0.18127659574468108,0.14382978723404297,0.08255319148936222,1
0.5736170212765959,0.5370212765957448,0.5251063829787236,1.0,0.9080851063829789,0.8834042553191491,0.8434042553191492,0.7642553191489365,0.7217021276595748,0.5319148936170213,0.6000000000000003,0.641702127659575,0.5625531914893622,0.5897872340425532,0.6961702127659575,0.6365957446808514,0.574468085106383,0.0,0.1974468085106383,0.18893617021276646,0.08170212765957455,0.31063829787234093,0.24170212765957474,0.20765957446808553,0.1106382978723408,0.15234042553191543,0.18127659574468108,0.14382978723404297,0.08255319148936222,0.11148936170212785,0
0.5370212765957448,0.5251063829787236,1.0,0.9080851063829789,0.8834042553191491,0.8434042553191492,0.7642553191489365,0.7217021276595748,0.5319148936170213,0.6000000000000003,0.641702127659575,0.5625531914893622,0.5897872340425532,0.6961702127659575,0.6365957446808514,0.574468085106383,0.0,0.1974468085106383,0.18893617021276646,0.08170212765957455,0.31063829787234093,0.24170212765957474,0.20765957446808553,0.1106382978723408,0.15234042553191543,0.18127659574468108,0.14382978723404297,0.08255319148936222,0.11148936170212785,0.10978723404255372,0
0.5251063829787236,1.0,0.9080851063829789,0.8834042553191491,0.8434042553191492,0.7642553191489365,0.7217021276595748,0.5319148936170213,0.6000000000000003,0.641702127659575,0.5625531914893622,0.5897872340425532,0.6961702127659575,0.6365957446808514,0.574468085106383,0.0,0.1974468085106383,0.18893617021276646,0.08170212765957455,0.31063829787234093,0.24170212765957474,0.20765957446808553,0.1106382978723408,0.15234042553191543,0.18127659574468108,0.14382978723404297,0.08255319148936222,0.11148936170212785,0.10978723404255372,0.0851063829787234,0
1.0,0.9080851063829789,0.8834042553191491,0.8434042553191492,0.7642553191489365,0.7217021276595748,0.5319148936170213,0.6000000000000003,0.641702127659575,0.5625531914893622,0.5897872340425532,0.6961702127659575,0.6365957446808514,0.574468085106383,0.0,0.1974468085106383,0.18893617021276646,0.08170212765957455,0.31063829787234093,0.24170212765957474,0.20765957446808553,0.1106382978723408,0.15234042553191543,0.18127659574468108,0.14382978723404297,0.08255319148936222,0.11148936170212785,0.10978723404255372,0.0851063829787234,0.07404255319148975,0
1.0,0.9728209934395502,0.9287722586691661,0.8416119962511718,0.7947516401124651,0.5857544517338331,0.6607310215557641,0.7066541705716968,0.6194939081537025,0.6494845360824741,0.7666354264292408,0.7010309278350518,0.6326148078725398,0.0,0.21743205248359887,0.20805998125585806,0.08997188378631685,0.34208059981255906,0.2661668228678541,0.2286785379568889,0.12183692596063768,0.1677600749765704,0.19962511715089054,0.15838800374882891,0.09090909090909145,0.12277413308341163,0.12089971883786374,0.0937207122774133,0.08153701968134999,0.06560449859418957,0
1.0,0.9547206165703277,0.8651252408477844,0.8169556840077074,0.6021194605009632,0.6791907514450869,0.7263969171483626,0.6368015414258194,0.6676300578034681,0.7880539499036606,0.7206165703275532,0.6502890173410403,0.0,0.2235067437379576,0.21387283236994273,0.09248554913294804,0.3516377649325631,0.27360308285163804,0.23506743737957653,0.12524084778420078,0.17244701348747649,0.20520231213872853,0.16281310211946093,0.09344894026975006,0.1262042389210021,0.12427745664739942,0.09633911368015412,0.08381502890173452,0.06743737957610815,0.06840077071290951,0
1.0,0.9229494614747308,0.8815244407622204,0.6967688483844239,0.7630488815244408,0.8036454018227012,0.7265948632974318,0.753106876553438,0.8566694283347138,0.7986743993371997,0.7381938690969343,0.17895608947804445,0.37116818558409254,0.36288318144159093,0.2584921292460644,0.4813587406793705,0.4142502071251036,0.3811101905550954,0.28666114333057174,0.327257663628832,0.3554266777133388,0.31897265948632986,0.25932062966031505,0.2874896437448218,0.2858326429163217,0.26180613090306515,0.25103562551781283,0.2369511184755592,0.23777961888980922,0.0,1
1.0,0.955116696588869,0.7549371633752241,0.8267504488330342,0.8707360861759428,0.7872531418312391,0.8159784560143623,0.9281867145421899,0.8653500897666069,0.7998204667863551,0.19389587073608586,0.402154398563734,0.3931777378815083,0.28007181328545755,0.521543985637343,0.4488330341113106,0.41292639138240583,0.310592459605027,0.35457809694793563,0.3850987432675044,0.34560143626570927,0.28096947935368066,0.3114901256732494,0.30969479353680457,0.28366247755834795,0.2719928186714543,0.2567324955116696,0.25763016157989205,0.0,0.015260323159784712,1
1.0,0.7904135338345861,0.8656015037593985,0.911654135338346,0.8242481203007521,0.8543233082706763,0.9718045112781951,0.9060150375939849,0.8374060150375936,0.20300751879699214,0.42105263157894707,0.4116541353383461,0.2932330827067667,0.5460526315789476,0.4699248120300752,0.4323308270676693,0.3251879699248121,0.37124060150375965,0.4031954887218044,0.361842105263158,0.2941729323308273,0.32612781954887204,0.3242481203007521,0.2969924812030072,0.2847744360902257,0.2687969924812029,0.2697368421052629,0.0,0.015977443609022715,0.03477443609022532,1
0.8133462282398453,0.8907156673114124,0.9381044487427472,0.8481624758220508,0.8791102514506769,1.0,0.9323017408123795,0.8617021276595744,0.20889748549322992,0.43326885880077354,0.42359767891682826,0.3017408123791101,0.5618955512572538,0.48355899419729226,0.44487427466150903,0.3346228239845263,0.38201160541586116,0.41489361702127664,0.37234042553191515,0.3027079303675052,0.3355899419729207,0.3336557059961319,0.30560928433268836,0.2930367504835592,0.27659574468085113,0.2775628626692455,0.0,0.0164410058027081,0.03578336557059938,0.11605415860735041,1
0.8907156673114124,0.9381044487427472,0.8481624758220508,0.8791102514506769,1.0,0.9323017408123795,0.8617021276595744,0.20889748549322992,0.43326885880077354,0.42359767891682826,0.3017408123791101,0.5618955512572538,0.48355899419729226,0.44487427466150903,0.3346228239845263,0.38201160541586116,0.41489361702127664,0.37234042553191515,0.3027079303675052,0.3355899419729207,0.3336557059961319,0.30560928433268836,0.2930367504835592,0.27659574468085113,0.2775628626692455,0.0,0.0164410058027081,0.03578336557059938,0.11605415860735041,0.2185686653771759,1
0.9381044487427472,0.8481624758220508,0.8791102514506769,1.0,0.9323017408123795,0.8617021276595744,0.20889748549322992,0.43326885880077354,0.42359767891682826,0.3017408123791101,0.5618955512572538,0.48355899419729226,0.44487427466150903,0.3346228239845263,0.38201160541586116,0.41489361702127664,0.37234042553191515,0.3027079303675052,0.3355899419729207,0.3336557059961319,0.30560928433268836,0.2930367504835592,0.27659574468085113,0.2775628626692455,0.0,0.0164410058027081,0.03578336557059938,0.11605415860735041,0.2185686653771759,0.18375241779497092,1
0.8481624758220508,0.8791102514506769,1.0,0.9323017408123795,0.8617021276595744,0.20889748549322992,0.43326885880077354,0.42359767891682826,0.3017408123791101,0.5618955512572538,0.48355899419729226,0.44487427466150903,0.3346228239845263,0.38201160541586116,0.41489361702127664,0.37234042553191515,0.3027079303675052,0.3355899419729207,0.3336557059961319,0.30560928433268836,0.2930367504835592,0.27659574468085113,0.2775628626692455,0.0,0.0164410058027081,0.03578336557059938,0.11605415860735041,0.2185686653771759,0.18375241779497092,0.4390715667311413,1
0.8791102514506769,1.0,0.9323017408123795,0.8617021276595744,0.20889748549322992,0.43326885880077354,0.42359767891682826,0.3017408123791101,0.5618955512572538,0.48355899419729226,0.44487427466150903,0.3346228239845263,0.38201160541586116,0.41489361702127664,0.37234042553191515,0.3027079303675052,0.3355899419729207,0.3336557059961319,0.30560928433268836,0.2930367504835592,0.27659574468085113,0.2775628626692455,0.0,0.0164410058027081,0.03578336557059938,0.11605415860735041,0.2185686653771759,0.18375241779497092,0.4390715667311413,0.43326885880077354,1
1.0,0.9323017408123795,0.8617021276595744,0.20889748549322992,0.43326885880077354,0.42359767891682826,0.3017408123791101,0.5618955512572538,0.48355899419729226,0.44487427466150903,0.3346228239845263,0.38201160541586116,0.41489361702127664,0.37234042553191515,0.3027079303675052,0.3355899419729207,0.3336557059961319,0.30560928433268836,0.2930367504835592,0.27659574468085113,0.2775628626692455,0.0,0.0164410058027081,0.03578336557059938,0.11605415860735041,0.2185686653771759,0.18375241779497092,0.4390715667311413,0.43326885880077354,0.6653771760154744,0
1.0,0.9242738589211614,0.2240663900414934,0.46473029045643116,0.45435684647302926,0.3236514522821574,0.6026970954356848,0.5186721991701244,0.47717842323651466,0.3589211618257262,0.4097510373443986,0.44502074688796667,0.399377593360996,0.32468879668049816,0.3599585062240663,0.3578838174273862,0.3278008298755183,0.31431535269709554,0.29668049792531115,0.29771784232365117,0.0,0.01763485477178441,0.03838174273858894,0.12448132780083017,0.23443983402489604,0.19709543568464713,0.4709543568464729,0.46473029045643116,0.7136929460580915,0.5311203319502071,0
1.0,0.24242424242424213,0.5028058361391693,0.49158249158249206,0.35016835016835,0.6520763187429859,0.5611672278338947,0.5162738496071833,0.3883277216610552,0.44332210998877714,0.48148148148148157,0.4320987654320991,0.35129068462401836,0.3894500561167228,0.38720538720538766,0.3546576879910211,0.34006734006734035,0.3209876543209877,0.32210998877665525,0.0,0.01907968574635261,0.04152637485970792,0.13468013468013504,0.2536475869809202,0.21324354657687983,0.5095398428731763,0.5028058361391693,0.7721661054994394,0.5746352413019079,0.3703703703703702,0
0.3139534883720924,0.6511627906976737,0.6366279069767443,0.45348837209302273,0.8444767441860466,0.7267441860465114,0.6686046511627907,0.5029069767441859,0.5741279069767444,0.6235465116279066,0.559593023255814,0.4549418604651165,0.5043604651162787,0.5014534883720932,0.45930232558139467,0.44040697674418605,0.4156976744186044,0.41715116279069714,0.0,0.024709302325581634,0.05377906976744147,0.17441860465116313,0.32848837209302284,0.27616279069767413,0.6598837209302322,0.6511627906976737,1.0,0.7441860465116272,0.4796511627906971,0.4113372093023252,0
0.6511627906976737,0.6366279069767443,0.45348837209302273,0.8444767441860466,0.7267441860465114,0.6686046511627907,0.5029069767441859,0.5741279069767444,0.6235465116279066,0.559593023255814,0.4549418604651165,0.5043604651162787,0.5014534883720932,0.45930232558139467,0.44040697674418605,0.4156976744186044,0.41715116279069714,0.0,0.024709302325581634,0.05377906976744147,0.17441860465116313,0.32848837209302284,0.27616279069767413,0.6598837209302322,0.6511627906976737,1.0,0.7441860465116272,0.4796511627906971,0.4113372093023252,0.4840116279069763,0
0.6366279069767443,0.45348837209302273,0.8444767441860466,0.7267441860465114,0.6686046511627907,0.5029069767441859,0.5741279069767444,0.6235465116279066,0.559593023255814,0.4549418604651165,0.5043604651162787,0.5014534883720932,0.45930232558139467,0.44040697674418605,0.4156976744186044,0.41715116279069714,0.0,0.024709302325581634,0.05377906976744147,0.17441860465116313,0.32848837209302284,0.27616279069767413,0.6598837209302322,0.6511627906976737,1.0,0.7441860465116272,0.4796511627906971,0.4113372093023252,0.4840116279069763,0.3328488372093021,0
0.45348837209302273,0.8444767441860466,0.7267441860465114,0.6686046511627907,0.5029069767441859,0.5741279069767444,0.6235465116279066,0.559593023255814,0.4549418604651165,0.5043604651162787,0.5014534883720932,0.45930232558139467,0.44040697674418605,0.4156976744186044,0.41715116279069714,0.0,0.024709302325581634,0.05377906976744147,0.17441860465116313,0.32848837209302284,0.27616279069767413,0.6598837209302322,0.6511627906976737,1.0,0.7441860465116272,0.4796511627906971,0.4113372093023252,0.4840116279069763,0.3328488372093021,0.22965116279069733,0
0.8444767441860466,0.7267441860465114,0.6686046511627907,0.5029069767441859,0.5741279069767444,0.6235465116279066,0.559593023255814,0.4549418604651165,0.5043604651162787,0.5014534883720932,0.45930232558139467,0.44040697674418605,0.4156976744186044,0.41715116279069714,0.0,0.024709302325581634,0.05377906976744147,0.17441860465116313,0.32848837209302284,0.27616279069767413,0.6598837209302322,0.6511627906976737,1.0,0.7441860465116272,0.4796511627906971,0.4113372093023252,0.4840116279069763,0.3328488372093021,0.22965116279069733,0.09156976744186081,0
0.8476499189627227,0.8152350081037276,0.7228525121555915,0.7625607779578607,0.7901134521880062,0.7544570502431118,0.6961102106969207,0.7236628849270662,0.7220421393841168,0.6985413290113448,0.6880064829821718,0.6742301458670987,0.6750405186385734,0.4424635332252836,0.4562398703403566,0.4724473257698539,0.5397082658022692,0.6256077795786059,0.5964343598055103,0.8103727714748782,0.8055105348460287,1.0,0.857374392220421,0.7098865478119931,0.671799027552674,0.7123176661264179,0.6280388978930306,0.5705024311183142,0.4935170178282011,0.0,0
0.8152350081037276,0.7228525121555915,0.7625607779578607,0.7901134521880062,0.7544570502431118,0.6961102106969207,0.7236628849270662,0.7220421393841168,0.6985413290113448,0.6880064829821718,0.6742301458670987,0.6750405186385734,0.4424635332252836,0.4562398703403566,0.4724473257698539,0.5397082658022692,0.6256077795786059,0.5964343598055103,0.8103727714748782,0.8055105348460287,1.0,0.857374392220421,0.7098865478119931,0.671799027552674,0.7123176661264179,0.6280388978930306,0.5705024311183142,0.4935170178282011,0.0,0.027552674230146137,0
0.7464788732394365,0.7828020756115642,0.8080059303187545,0.7753891771682727,0.7220163083765753,0.7472201630837655,0.7457375833951075,0.7242401779095622,0.7146034099332839,0.7020014825796884,0.7027427724240175,0.4899925871015566,0.502594514455152,0.5174203113417343,0.5789473684210528,0.6575240919199404,0.6308376575240917,0.8265381764269827,0.8220904373610077,1.0,0.8695329873980723,0.7346182357301702,0.6997776130467009,0.7368421052631576,0.6597479614529279,0.6071163825055594,0.5366938472942921,0.08524833209785014,0.1104521868050409,0.0,0
0.7910128388017119,0.8152639087018543,0.7838801711840228,0.7325249643366619,0.7567760342368044,0.7553495007132668,0.7346647646219683,0.7253922967189729,0.7132667617689014,0.7139800285306702,0.5092724679029956,0.5213980028530671,0.5356633380884448,0.594864479315264,0.6704707560627672,0.6447931526390868,0.8330955777460768,0.8288159771754633,1.0,0.874465049928673,0.7446504992867329,0.7111269614835947,0.7467902995720397,0.672610556348074,0.6219686162624819,0.5542082738944366,0.11982881597717542,0.14407988587731832,0.037803138373751856,0.0,0
0.8152639087018543,0.7838801711840228,0.7325249643366619,0.7567760342368044,0.7553495007132668,0.7346647646219683,0.7253922967189729,0.7132667617689014,0.7139800285306702,0.5092724679029956,0.5213980028530671,0.5356633380884448,0.594864479315264,0.6704707560627672,0.6447931526390868,0.8330955777460768,0.8288159771754633,1.0,0.874465049928673,0.7446504992867329,0.7111269614835947,0.7467902995720397,0.672610556348074,0.6219686162624819,0.5542082738944366,0.11982881597717542,0.14407988587731832,0.037803138373751856,0.0,0.028530670470755956,0
0.8430864836872086,0.8058001035732781,0.8234075608493007,0.8223718280683584,0.8073537027446915,0.8006214396685655,0.791817711030554,0.7923355774210251,0.6437079233557741,0.6525116519937856,0.6628689798032106,0.7058518902123253,0.7607457276022784,0.7421025375453131,0.8788192646297254,0.8757120662868977,1.0,0.9088555152770582,0.8146038322112892,0.7902641118591401,0.816157431382703,0.7622993267736923,0.7255308130502328,0.6763335059554635,0.360952874158467,0.37856033143448997,0.3013982392542724,0.2739513205592956,0.2946659761781459,0.0,0
0.8363160192055871,0.851156700130947,0.8502837189000437,0.8376254910519422,0.8319511130510694,0.8245307725883892,0.824967263203841,0.6996944565691837,0.7071147970318639,0.715844609340899,0.752073330423396,0.7983413356612831,0.7826276735050195,0.8978611959842862,0.8952422522915755,1.0,0.9231776516804887,0.8437363596682669,0.8232213007420339,0.8450458315146223,0.7996508075076385,0.768659973810563,0.7271933653426452,0.4613705805325185,0.47621126145787873,0.41117415975556526,0.38804015713662154,0.40549978175469215,0.15713662156263644,0.0,1
0.851156700130947,0.8502837189000437,0.8376254910519422,0.8319511130510694,0.8245307725883892,0.824967263203841,0.6996944565691837,0.7071147970318639,0.715844609340899,0.752073330423396,0.7983413356612831,0.7826276735050195,0.8978611959842862,0.8952422522915755,1.0,0.9231776516804887,0.8437363596682669,0.8232213007420339,0.8450458315146223,0.7996508075076385,0.768659973810563,0.7271933653426452,0.4613705805325185,0.47621126145787873,0.41117415975556526,0.38804015713662154,0.40549978175469215,0.15713662156263644,0.0,0.07114797031863825,0
0.8555789473684211,0.8433684210526313,0.8378947368421052,0.830736842105263,0.8311578947368419,0.7103157894736841,0.7174736842105263,0.725894736842105,0.7608421052631579,0.8054736842105261,0.7903157894736841,0.9014736842105262,0.8989473684210524,1.0,0.925894736842105,0.8492631578947366,0.8294736842105261,0.8505263157894735,0.806736842105263,0.7768421052631577,0.7368421052631579,0.4804210526315788,0.49473684210526314,0.43199999999999994,0.40968421052631565,0.4265263157894735,0.18694736842105253,0.035368421052631424,0.10399999999999995,0.0,0
0.8436317780580074,0.8381672971836907,0.8310214375788145,0.8314417822614543,0.7108028583438419,0.717948717948718,0.7263556116015131,0.7612442202606138,0.8058007566204286,0.7906683480453971,0.901639344262295,0.8991172761664563,1.0,0.9260193358554012,0.8495166036149641,0.8297604035308952,0.8507776376628834,0.8070617906683479,0.7772173182009247,0.7372845733501472,0.4812946616225305,0.4955863808322826,0.4329550231189576,0.41067675493905004,0.42749054224464056,0.18831441782261465,0.03699033207229938,0.1055065153425811,0.0016813787305593208,0.0,0
0.8559670781893004,0.8496071829405162,0.8499812944257387,0.7426112981668537,0.7489711934156379,0.7564534231200897,0.7875046763935654,0.8271604938271604,0.8136924803591469,0.9124579124579123,0.9102132435465767,1.0,0.9341563786008229,0.8660680882903103,0.8484848484848484,0.8671904227459781,0.8282828282828282,0.8017209128320238,0.7661803217358774,0.5383464272353161,0.5510662177328844,0.49532360643471757,0.4754956977179199,0.4904601571268237,0.2775907220351665,0.1429105873550318,0.20389075944631507,0.11148522259633384,0.10998877665544322,0.0,1
0.8496071829405162,0.8499812944257387,0.7426112981668537,0.7489711934156379,0.7564534231200897,0.7875046763935654,0.8271604938271604,0.8136924803591469,0.9124579124579123,0.9102132435465767,1.0,0.9341563786008229,0.8660680882903103,0.8484848484848484,0.8671904227459781,0.8282828282828282,0.8017209128320238,0.7661803217358774,0.5383464272353161,0.5510662177328844,0.49532360643471757,0.4754956977179199,0.4904601571268237,0.2775907220351665,0.1429105873550318,0.20389075944631507,0.11148522259633384,0.10998877665544322,0.0,0.06247661803217364,0
0.8499812944257387,0.7426112981668537,0.7489711934156379,0.7564534231200897,0.7875046763935654,0.8271604938271604,0.8136924803591469,0.9124579124579123,0.9102132435465767,1.0,0.9341563786008229,0.8660680882903103,0.8484848484848484,0.8671904227459781,0.8282828282828282,0.8017209128320238,0.7661803217358774,0.5383464272353161,0.5510662177328844,0.49532360643471757,0.4754956977179199,0.4904601571268237,0.2775907220351665,0.1429105873550318,0.20389075944631507,0.11148522259633384,0.10998877665544322,0.0,0.06247661803217364,0.007108118219229377,1
0.7426112981668537,0.7489711934156379,0.7564534231200897,0.7875046763935654,0.8271604938271604,0.8136924803591469,0.9124579124579123,0.9102132435465767,1.0,0.9341563786008229,0.8660680882903103,0.8484848484848484,0.8671904227459781,0.8282828282828282,0.8017209128320238,0.7661803217358774,0.5383464272353161,0.5510662177328844,0.49532360643471757,0.4754956977179199,0.4904601571268237,0.2775907220351665,0.1429105873550318,0.20389075944631507,0.11148522259633384,0.10998877665544322,0.0,0.06247661803217364,0.007108118219229377,0.06921062476618037,1
0.7489711934156379,0.7564534231200897,0.7875046763935654,0.8271604938271604,0.8136924803591469,0.9124579124579123,0.9102132435465767,1.0,0.9341563786008229,0.8660680882903103,0.8484848484848484,0.8671904227459781,0.8282828282828282,0.8017209128320238,0.7661803217358774,0.5383464272353161,0.5510662177328844,0.49532360643471757,0.4754956977179199,0.4904601571268237,0.2775907220351665,0.1429105873550318,0.20389075944631507,0.11148522259633384,0.10998877665544322,0.0,0.06247661803217364,0.007108118219229377,0.06921062476618037,0.20239431350542472,0
0.7564534231200897,0.7875046763935654,0.8271604938271604,0.8136924803591469,0.9124579124579123,0.9102132435465767,1.0,0.9341563786008229,0.8660680882903103,0.8484848484848484,0.8671904227459781,0.8282828282828282,0.8017209128320238,0.7661803217358774,0.5383464272353161,0.5510662177328844,0.49532360643471757,0.4754956977179199,0.4904601571268237,0.2775907220351665,0.1429105873550318,0.20389075944631507,0.11148522259633384,0.10998877665544322,0.0,0.06247661803217364,0.007108118219229377,0.06921062476618037,0.20239431350542472,0.17134306023194903,0
0.7875046763935654,0.8271604938271604,0.8136924803591469,0.9124579124579123,0.9102132435465767,1.0,0.9341563786008229,0.8660680882903103,0.8484848484848484,0.8671904227459781,0.8282828282828282,0.8017209128320238,0.7661803217358774,0.5383464272353161,0.5510662177328844,0.49532360643471757,0.4754956977179199,0.4904601571268237,0.2775907220351665,0.1429105873550318,0.20389075944631507,0.11148522259633384,0.10998877665544322,0.0,0.06247661803217364,0.007108118219229377,0.06921062476618037,0.20239431350542472,0.17134306023194903,0.10624766180321747,1
0.8271604938271604,0.8136924803591469,0.9124579124579123,0.9102132435465767,1.0,0.9341563786008229,0.8660680882903103,0.8484848484848484,0.8671904227459781,0.8282828282828282,0.8017209128320238,0.7661803217358774,0.5383464272353161,0.5510662177328844,0.49532360643471757,0.4754956977179199,0.4904601571268237,0.2775907220351665,0.1429105873550318,0.20389075944631507,0.11148522259633384,0.10998877665544322,0.0,0.06247661803217364,0.007108118219229377,0.06921062476618037,0.20239431350542472,0.17134306023194903,0.10624766180321747,0.19154508043396948,0
0.8136924803591469,0.9124579124579123,0.9102132435465767,1.0,0.9341563786008229,0.8660680882903103,0.8484848484848484,0.8671904227459781,0.8282828282828282,0.8017209128320238,0.7661803217358774,0.5383464272353161,0.5510662177328844,0.49532360643471757,0.4754956977179199,0.4904601571268237,0.2775907220351665,0.1429105873550318,0.20389075944631507,0.11148522259633384,0.10998877665544322,0.0,0.06247661803217364,0.007108118219229377,0.06921062476618037,0.20239431350542472,0.17134306023194903,0.10624766180321747,0.19154508043396948,0.1679760568649458,0
0.9124579124579123,0.9102132435465767,1.0,0.9341563786008229,0.8660680882903103,0.8484848484848484,0.8671904227459781,0.8282828282828282,0.8017209128320238,0.7661803217358774,0.5383464272353161,0.5510662177328844,0.49532360643471757,0.4754956977179199,0.4904601571268237,0.2775907220351665,0.1429105873550318,0.20389075944631507,0.11148522259633384,0.10998877665544322,0.0,0.06247661803217364,0.007108118219229377,0.06921062476618037,0.20239431350542472,0.17134306023194903,0.10624766180321747,0.19154508043396948,0.1679760568649458,0.06921062476618037,0
0.9102132435465767,1.0,0.9341563786008229,0.8660680882903103,0.8484848484848484,0.8671904227459781,0.8282828282828282,0.8017209128320238,0.7661803217358774,0.5383464272353161,0.5510662177328844,0.49532360643471757,0.4754956977179199,0.4904601571268237,0.2775907220351665,0.1429105873550318,0.20389075944631507,0.11148522259633384,0.10998877665544322,0.0,0.06247661803217364,0.007108118219229377,0.06921062476618037,0.20239431350542472,0.17134306023194903,0.10624766180321747,0.19154508043396948,0.1679760568649458,0.06921062476618037,0.07369996258885156,0
1.0,0.9341563786008229,0.8660680882903103,0.8484848484848484,0.8671904227459781,0.8282828282828282,0.8017209128320238,0.7661803217358774,0.5383464272353161,0.5510662177328844,0.49532360643471757,0.4754956977179199,0.4904601571268237,0.2775907220351665,0.1429105873550318,0.20389075944631507,0.11148522259633384,0.10998877665544322,0.0,0.06247661803217364,0.007108118219229377,0.06921062476618037,0.20239431350542472,0.17134306023194903,0.10624766180321747,0.19154508043396948,0.1679760568649458,0.06921062476618037,0.07369996258885156,0.0029928918817808394,0
1.0,0.9332110091743119,0.9159633027522937,0.9343119266055047,0.8961467889908258,0.8700917431192661,0.8352293577981653,0.6117431192660551,0.6242201834862386,0.5695412844036698,0.5500917431192661,0.5647706422018348,0.3559633027522936,0.22385321100917427,0.28366972477064223,0.1930275229357799,0.1915596330275228,0.08366972477064212,0.14495412844036695,0.09064220183486235,0.15155963302752293,0.2822018348623854,0.2517431192660549,0.1878899082568808,0.27155963302752306,0.2484403669724771,0.15155963302752293,0.1559633027522936,0.08660550458715595,0.0,0
0.998894213048286,0.9815702174714338,1.0,0.9616660523405824,0.9354957611500184,0.9004791743457429,0.6760044231478068,0.688536675267232,0.6336159233321047,0.6140803538518246,0.6288241798746774,0.4190932546995946,0.2863988204939182,0.34647991153704394,0.25543678584592716,0.2539624032436416,0.14559528197567267,0.2071507556210837,0.15259859933652786,0.21378547733136752,0.34500552893475867,0.31441208993733866,0.2502764467379286,0.33431625506819035,0.3110947290821969,0.21378547733136752,0.21820862513822345,0.14854404718024333,0.06155547364541105,0.0,1
0.9818445896877269,1.0,0.9622367465504721,0.9364560639070443,0.9019607843137256,0.6808278867102396,0.6931735657225855,0.6390704429920117,0.6198257080610022,0.6343500363108207,0.42774146695715326,0.2970225127087872,0.35620915032679745,0.2665214233841686,0.26506899055918653,0.15831517792302105,0.21895424836601313,0.16521423384168485,0.2254901960784314,0.35475671750181564,0.3246187363834422,0.26143790849673215,0.3442265795206973,0.32135076252723316,0.2254901960784314,0.22984749455337697,0.1612200435729848,0.07552650689905599,0.014887436456063913,0.0,1
1.0,0.9622367465504721,0.9364560639070443,0.9019607843137256,0.6808278867102396,0.6931735657225855,0.6390704429920117,0.6198257080610022,0.6343500363108207,0.42774146695715326,0.2970225127087872,0.35620915032679745,0.2665214233841686,0.26506899055918653,0.15831517792302105,0.21895424836601313,0.16521423384168485,0.2254901960784314,0.35475671750181564,0.3246187363834422,0.26143790849673215,0.3442265795206973,0.32135076252723316,0.2254901960784314,0.22984749455337697,0.1612200435729848,0.07552650689905599,0.014887436456063913,0.0,0.03957879448075526,0
1.0,0.9734480179506357,0.9379207180254302,0.7101720269259536,0.7228870605833958,0.6671652954375468,0.6473448017950636,0.6623036649214659,0.4495138369483919,0.31488406881077036,0.3758414360508602,0.28347045624532546,0.281974569932685,0.17202692595362745,0.23448017950635752,0.17913238593866865,0.2412116679132386,0.37434554973822,0.3433059087509348,0.27823485415108457,0.36350037397157825,0.33994016454749443,0.2412116679132386,0.24569932685115933,0.175018698578908,0.08676140613313389,0.02430815258040384,0.008975317875841379,0.0497382198952879,0.0,0
1.0,0.9646182495344509,0.7378026070763501,0.7504655493482311,0.6949720670391062,0.6752327746741155,0.6901303538175046,0.47821229050279335,0.3441340782122905,0.40484171322160156,0.3128491620111733,0.31135940409683416,0.2018621973929236,0.26405959031657356,0.20893854748603352,0.2707635009310987,0.40335195530726264,0.37243947858472987,0.30763500931098703,0.39255121042830554,0.36908752327746747,0.2707635009310987,0.2752327746741155,0.2048417132216015,0.11694599627560524,0.05474860335195527,0.039478584729981336,0.0800744878957169,0.03054003724394787,0.0,1
1.0,0.7648648648648647,0.777992277992278,0.7204633204633204,0.7,0.7154440154440153,0.4957528957528957,0.35675675675675667,0.4196911196911197,0.3243243243243244,0.32277992277992257,0.2092664092664092,0.2737451737451737,0.21660231660231657,0.28069498069498067,0.41814671814671817,0.38610038610038594,0.31891891891891894,0.40694980694980704,0.3826254826254826,0.28069498069498067,0.2853281853281853,0.21235521235521235,0.12123552123552125,0.05675675675675671,0.040926640926640875,0.08301158301158296,0.03166023166023167,0.0,0.02664092664092655,0
0.9832347140039446,1.0,0.9265285996055226,0.9003944773175541,0.9201183431952661,0.6395463510848125,0.4620315581854042,0.5424063116370809,0.4206114398422091,0.4186390532544376,0.2736686390532543,0.3560157790927021,0.28303747534516754,0.3648915187376725,0.5404339250493096,0.499506903353057,0.41370808678500987,0.5261341222879685,0.4950690335305719,0.3648915187376725,0.37080867850098614,0.27761341222879676,0.16124260355029582,0.07889546351084802,0.05867850098619318,0.11242603550295846,0.04684418145956604,0.006410256410256361,0.0404339250493095,0.0,0
1.0,0.9272816007808686,0.9014153245485601,0.9209370424597363,0.6432406051732552,0.46754514397266944,0.5470961444607125,0.4265495363591997,0.4245973645680817,0.28111273792093694,0.36261591020009754,0.29038555392874565,0.3714006832601268,0.5451439726695949,0.5046364080039041,0.41971693509028796,0.5309907271839923,0.5002440214738897,0.3714006832601268,0.37725719863347973,0.28501708150317223,0.1698389458272328,0.08833577354807216,0.06832601268911656,0.12152269399707165,0.056612981942410934,0.016593460224499746,0.05026842362127855,0.010248901903367537,0.0,1
1.0,0.9721052631578947,0.993157894736842,0.6936842105263158,0.5042105263157893,0.5900000000000001,0.46000000000000013,0.457894736842105,0.303157894736842,0.3910526315789474,0.3131578947368421,0.4005263157894737,0.5878947368421054,0.5442105263157893,0.4526315789473685,0.5726315789473686,0.5394736842105263,0.4005263157894737,0.4068421052631579,0.30736842105263157,0.18315789473684213,0.09526315789473677,0.07368421052631571,0.13105263157894728,0.06105263157894738,0.017894736842105255,0.05421052631578935,0.011052631578947413,0.0,0.016842105263157908,1
0.9788023317435083,1.0,0.6984631690514044,0.5076841547429782,0.5940646528881824,0.46316905140434567,0.4610492845786962,0.30524642289348164,0.393746687864335,0.3153153153153153,0.40328563857975624,0.5919448860625333,0.5479597244303125,0.4557498675145735,0.5765765765765768,0.543190249072602,0.40328563857975624,0.40964493905670385,0.3094859565447801,0.1844197138314786,0.09591944886062527,0.07419183889772119,0.1319554848966613,0.0614732379438262,0.018018018018018014,0.05458399576046623,0.011128775834658234,0.0,0.016958134605193447,0.1134075251722311,1
1.0,0.6984631690514044,0.5076841547429782,0.5940646528881824,0.46316905140434567,0.4610492845786962,0.30524642289348164,0.393746687864335,0.3153153153153153,0.40328563857975624,0.5919448860625333,0.5479597244303125,0.4557498675145735,0.5765765765765768,0.543190249072602,0.40328563857975624,0.40964493905670385,0.3094859565447801,0.1844197138314786,0.09591944886062527,0.07419183889772119,0.1319554848966613,0.0614732379438262,0.018018018018018014,0.05458399576046623,0.011128775834658234,0.0,0.016958134605193447,0.1134075251722311,0.3078961314255432,1
1.0,0.7268588770864945,0.8505311077389985,0.6631259484066769,0.6600910470409709,0.43702579666160835,0.563732928679818,0.4514415781487101,0.5773899848254931,0.847496206373293,0.784522003034901,0.6525037936267073,0.8254931714719274,0.7776934749620638,0.5773899848254931,0.58649468892261,0.44309559939301973,0.2640364188163885,0.13732928679817896,0.1062215477996964,0.18892261001517438,0.08801213960546284,0.025796661608497713,0.07814871016691939,0.015933232169954542,0.0,0.024279210925644938,0.16236722306525042,0.4408194233687404,0.5068285280728376,1
0.854594112399643,1.0,0.7796610169491527,0.7760927743086525,0.5138269402319355,0.662801070472792,0.5307760927743086,0.67885816235504,0.9964317573595005,0.9223907225691343,0.7671721677074042,0.9705619982158789,0.9143621766280107,0.67885816235504,0.6895628902765388,0.5209634255129348,0.3104371097234612,0.16146297948260468,0.12488849241748426,0.22212310437109709,0.10347903657448707,0.030330062444246193,0.09188224799286329,0.018733273862622732,0.0,0.028545941123996454,0.19090098126672617,0.5182872435325601,0.5958965209634255,0.5548617305976805,1
1.0,0.7796610169491527,0.7760927743086525,0.5138269402319355,0.662801070472792,0.5307760927743086,0.67885816235504,0.9964317573595005,0.9223907225691343,0.7671721677074042,0.9705619982158789,0.9143621766280107,0.67885816235504,0.6895628902765388,0.5209634255129348,0.3104371097234612,0.16146297948260468,0.12488849241748426,0.22212310437109709,0.10347903657448707,0.030330062444246193,0.09188224799286329,0.018733273862622732,0.0,0.028545941123996454,0.19090098126672617,0.5182872435325601,0.5958965209634255,0.5548617305976805,0.8349687778768955,0
0.7824529991047449,0.7788719785138759,0.515666965085049,0.6651745747538047,0.532676812891674,0.6812891674127125,1.0,0.9256938227394803,0.7699194270367055,0.9740376007162042,0.9176365264100267,0.6812891674127125,0.6920322291853177,0.522829006266786,0.3115487914055506,0.16204118173679485,0.12533572068039375,0.22291853178155757,0.10384959713518352,0.030438675022381362,0.09221128021486101,0.01880035810205916,0.0,0.0286481647269472,0.1915846016114593,0.5201432408236345,0.5980304386750223,0.5568487018800357,0.8379588182632048,0.6571172784243509,1
0.7788719785138759,0.515666965085049,0.6651745747538047,0.532676812891674,0.6812891674127125,1.0,0.9256938227394803,0.7699194270367055,0.9740376007162042,0.9176365264100267,0.6812891674127125,0.6920322291853177,0.522829006266786,0.3115487914055506,0.16204118173679485,0.12533572068039375,0.22291853178155757,0.10384959713518352,0.030438675022381362,0.09221128021486101,0.01880035810205916,0.0,0.0286481647269472,0.1915846016114593,0.5201432408236345,0.5980304386750223,0.5568487018800357,0.8379588182632048,0.6571172784243509,0.7520143240823632,1
0.515666965085049,0.6651745747538047,0.532676812891674,0.6812891674127125,1.0,0.9256938227394803,0.7699194270367055,0.9740376007162042,0.9176365264100267,0.6812891674127125,0.6920322291853177,0.522829006266786,0.3115487914055506,0.16204118173679485,0.12533572068039375,0.22291853178155757,0.10384959713518352,0.030438675022381362,0.09221128021486101,0.01880035810205916,0.0,0.0286481647269472,0.1915846016114593,0.5201432408236345,0.5980304386750223,0.5568487018800357,0.8379588182632048,0.6571172784243509,0.7520143240823632,0.8952551477170992,0
0.6651745747538047,0.532676812891674,0.6812891674127125,1.0,0.9256938227394803,0.7699194270367055,0.9740376007162042,0.9176365264100267,0.6812891674127125,0.6920322291853177,0.522829006266786,0.3115487914055506,0.16204118173679485,0.12533572068039375,0.22291853178155757,0.10384959713518352,0.030438675022381362,0.09221128021486101,0.01880035810205916,0.0,0.0286481647269472,0.1915846016114593,0.5201432408236345,0.5980304386750223,0.5568487018800357,0.8379588182632048,0.6571172784243509,0.7520143240823632,0.8952551477170992,0.8719785138764549,0
0.532676812891674,0.6812891674127125,1.0,0.9256938227394803,0.7699194270367055,0.9740376007162042,0.9176365264100267,0.6812891674127125,0.6920322291853177,0.522829006266786,0.3115487914055506,0.16204118173679485,0.12533572068039375,0.22291853178155757,0.10384959713518352,0.030438675022381362,0.09221128021486101,0.01880035810205916,0.0,0.0286481647269472,0.1915846016114593,0.5201432408236345,0.5980304386750223,0.5568487018800357,0.8379588182632048,0.6571172784243509,0.7520143240823632,0.8952551477170992,0.8719785138764549,0.686660698299015,0
0.6812891674127125,1.0,0.9256938227394803,0.7699194270367055,0.9740376007162042,0.9176365264100267,0.6812891674127125,0.6920322291853177,0.522829006266786,0.3115487914055506,0.16204118173679485,0.12533572068039375,0.22291853178155757,0.10384959713518352,0.030438675022381362,0.09221128021486101,0.01880035810205916,0.0,0.0286481647269472,0.1915846016114593,0.5201432408236345,0.5980304386750223,0.5568487018800357,0.8379588182632048,0.6571172784243509,0.7520143240823632,0.8952551477170992,0.8719785138764549,0.686660698299015,0.6741271262309755,0
1.0,0.9256938227394803,0.7699194270367055,0.9740376007162042,0.9176365264100267,0.6812891674127125,0.6920322291853177,0.522829006266786,0.3115487914055506,0.16204118173679485,0.12533572068039375,0.22291853178155757,0.10384959713518352,0.030438675022381362,0.09221128021486101,0.01880035810205916,0.0,0.0286481647269472,0.1915846016114593,0.5201432408236345,0.5980304386750223,0.5568487018800357,0.8379588182632048,0.6571172784243509,0.7520143240823632,0.8952551477170992,0.8719785138764549,0.686660698299015,0.6741271262309755,0.43240823634735875,1
0.9503676470588229,0.7904411764705882,1.0,0.9420955882352939,0.6994485294117645,0.7104779411764705,0.5367647058823528,0.31985294117647056,0.1663602941176469,0.12867647058823514,0.22886029411764686,0.10661764705882351,0.03124999999999998,0.09466911764705858,0.019301470588235368,0.0,0.029411764705882373,0.19669117647058823,0.5340073529411762,0.6139705882352939,0.571691176470588,0.8602941176470585,0.6746323529411763,0.7720588235294115,0.9191176470588233,0.895220588235294,0.7049632352941173,0.6920955882352937,0.4439338235294115,0.8318014705882348,0
0.7904411764705882,1.0,0.9420955882352939,0.6994485294117645,0.7104779411764705,0.5367647058823528,0.31985294117647056,0.1663602941176469,0.12867647058823514,0.22886029411764686,0.10661764705882351,0.03124999999999998,0.09466911764705858,0.019301470588235368,0.0,0.029411764705882373,0.19669117647058823,0.5340073529411762,0.6139705882352939,0.571691176470588,0.8602941176470585,0.6746323529411763,0.7720588235294115,0.9191176470588233,0.895220588235294,0.7049632352941173,0.6920955882352937,0.4439338235294115,0.8318014705882348,0.7454044117647056,0
1.0,0.9420955882352939,0.6994485294117645,0.7104779411764705,0.5367647058823528,0.31985294117647056,0.1663602941176469,0.12867647058823514,0.22886029411764686,0.10661764705882351,0.03124999999999998,0.09466911764705858,0.019301470588235368,0.0,0.029411764705882373,0.19669117647058823,0.5340073529411762,0.6139705882352939,0.571691176470588,0.8602941176470585,0.6746323529411763,0.7720588235294115,0.9191176470588233,0.895220588235294,0.7049632352941173,0.6920955882352937,0.4439338235294115,0.8318014705882348,0.7454044117647056,0.7830882352941174,0
1.0,0.7424390243902439,0.7541463414634146,0.5697560975609756,0.33951219512195124,0.17658536585365842,0.1365853658536584,0.24292682926829254,0.11317073170731709,0.03317073170731706,0.10048780487804855,0.020487804878048865,0.0,0.03121951219512198,0.2087804878048781,0.5668292682926828,0.6517073170731708,0.6068292682926828,0.913170731707317,0.7160975609756097,0.8195121951219511,0.975609756097561,0.9502439024390246,0.748292682926829,0.7346341463414632,0.47121951219512176,0.8829268292682924,0.7912195121951219,0.8312195121951219,0.6839024390243901,1
0.7609999999999999,0.773,0.584,0.34800000000000003,0.18099999999999988,0.13999999999999985,0.24899999999999983,0.11600000000000002,0.03399999999999999,0.10299999999999976,0.021000000000000085,0.0,0.03200000000000003,0.21400000000000005,0.5809999999999998,0.6679999999999999,0.6219999999999999,0.9359999999999999,0.734,0.8399999999999999,1.0,0.9740000000000002,0.7669999999999998,0.7529999999999998,0.4829999999999998,0.9049999999999997,0.8109999999999999,0.852,0.7009999999999998,0.852,1
0.773,0.584,0.34800000000000003,0.18099999999999988,0.13999999999999985,0.24899999999999983,0.11600000000000002,0.03399999999999999,0.10299999999999976,0.021000000000000085,0.0,0.03200000000000003,0.21400000000000005,0.5809999999999998,0.6679999999999999,0.6219999999999999,0.9359999999999999,0.734,0.8399999999999999,1.0,0.9740000000000002,0.7669999999999998,0.7529999999999998,0.4829999999999998,0.9049999999999997,0.8109999999999999,0.852,0.7009999999999998,0.852,0.9969999999999999,0
0.584,0.34800000000000003,0.18099999999999988,0.13999999999999985,0.24899999999999983,0.11600000000000002,0.03399999999999999,0.10299999999999976,0.021000000000000085,0.0,0.03200000000000003,0.21400000000000005,0.5809999999999998,0.6679999999999999,0.6219999999999999,0.9359999999999999,0.734,0.8399999999999999,1.0,0.9740000000000002,0.7669999999999998,0.7529999999999998,0.4829999999999998,0.9049999999999997,0.8109999999999999,0.852,0.7009999999999998,0.852,0.9969999999999999,0.857,1
0.34800000000000003,0.18099999999999988,0.13999999999999985,0.24899999999999983,0.11600000000000002,0.03399999999999999,0.10299999999999976,0.021000000000000085,0.0,0.03200000000000003,0.21400000000000005,0.5809999999999998,0.6679999999999999,0.6219999999999999,0.9359999999999999,0.734,0.8399999999999999,1.0,0.9740000000000002,0.7669999999999998,0.7529999999999998,0.4829999999999998,0.9049999999999997,0.8109999999999999,0.852,0.7009999999999998,0.852,0.9969999999999999,0.857,0.8939999999999998,1
0.15766550522648076,0.12195121951219504,0.21689895470383266,0.10104529616724743,0.029616724738675954,0.08972125435540051,0.018292682926829347,0.0,0.027874564459930345,0.18641114982578408,0.5060975609756098,0.5818815331010454,0.5418118466898956,0.8153310104529619,0.6393728222996518,0.7317073170731708,0.8710801393728226,0.8484320557491293,0.6681184668989547,0.6559233449477352,0.42073170731707316,0.7883275261324042,0.706445993031359,0.7421602787456447,0.6106271777003485,0.7421602787456447,0.868466898954704,0.746515679442509,0.7787456445993032,1.0,1
0.08838383838383831,0.15719696969696964,0.07323232323232326,0.02146464646464646,0.06502525252525239,0.013257575757575815,0.0,0.020202020202020225,0.13510101010101017,0.3667929292929293,0.4217171717171718,0.3926767676767677,0.590909090909091,0.4633838383838385,0.5303030303030304,0.6313131313131315,0.6148989898989902,0.4842171717171717,0.47537878787878785,0.3049242424242424,0.5713383838383838,0.5119949494949496,0.537878787878788,0.442550505050505,0.537878787878788,0.629419191919192,0.5410353535353537,0.5643939393939393,0.7247474747474747,1.0,0
0.15719696969696964,0.07323232323232326,0.02146464646464646,0.06502525252525239,0.013257575757575815,0.0,0.020202020202020225,0.13510101010101017,0.3667929292929293,0.4217171717171718,0.3926767676767677,0.590909090909091,0.4633838383838385,0.5303030303030304,0.6313131313131315,0.6148989898989902,0.4842171717171717,0.47537878787878785,0.3049242424242424,0.5713383838383838,0.5119949494949496,0.537878787878788,0.442550505050505,0.537878787878788,0.629419191919192,0.5410353535353537,0.5643939393939393,0.7247474747474747,1.0,0.9059343434343438,1
0.07240948813982524,0.021223470661672905,0.06429463171036191,0.013108614232209794,0.0,0.019975031210986288,0.13358302122347074,0.3626716604244694,0.4169787765293384,0.3882646691635456,0.5842696629213484,0.4581772784019976,0.5243445692883896,0.624219725343321,0.6079900124843948,0.4787765293383271,0.4700374531835206,0.30149812734082393,0.5649188514357053,0.5062421972534333,0.5318352059925094,0.4375780274656679,0.5318352059925094,0.622347066167291,0.5349563046192262,0.5580524344569289,0.7166042446941323,0.9887640449438202,0.8957553058676657,1.0,0
0.021223470661672905,0.06429463171036191,0.013108614232209794,0.0,0.019975031210986288,0.13358302122347074,0.3626716604244694,0.4169787765293384,0.3882646691635456,0.5842696629213484,0.4581772784019976,0.5243445692883896,0.624219725343321,0.6079900124843948,0.4787765293383271,0.4700374531835206,0.30149812734082393,0.5649188514357053,0.5062421972534333,0.5318352059925094,0.4375780274656679,0.5318352059925094,0.622347066167291,0.5349563046192262,0.5580524344569289,0.7166042446941323,0.9887640449438202,0.8957553058676657,1.0,0.9694132334581775,0
0.06429463171036191,0.013108614232209794,0.0,0.019975031210986288,0.13358302122347074,0.3626716604244694,0.4169787765293384,0.3882646691635456,0.5842696629213484,0.4581772784019976,0.5243445692883896,0.624219725343321,0.6079900124843948,0.4787765293383271,0.4700374531835206,0.30149812734082393,0.5649188514357053,0.5062421972534333,0.5318352059925094,0.4375780274656679,0.5318352059925094,0.622347066167291,0.5349563046192262,0.5580524344569289,0.7166042446941323,0.9887640449438202,0.8957553058676657,1.0,0.9694132334581775,0.6498127340823969,0
0.013108614232209794,0.0,0.019975031210986288,0.13358302122347074,0.3626716604244694,0.4169787765293384,0.3882646691635456,0.5842696629213484,0.4581772784019976,0.5243445692883896,0.624219725343321,0.6079900124843948,0.4787765293383271,0.4700374531835206,0.30149812734082393,0.5649188514357053,0.5062421972534333,0.5318352059925094,0.4375780274656679,0.5318352059925094,0.622347066167291,0.5349563046192262,0.5580524344569289,0.7166042446941323,0.9887640449438202,0.8957553058676657,1.0,0.9694132334581775,0.6498127340823969,0.5536828963795256,0
0.0,0.019975031210986288,0.13358302122347074,0.3626716604244694,0.4169787765293384,0.3882646691635456,0.5842696629213484,0.4581772784019976,0.5243445692883896,0.624219725343321,0.6079900124843948,0.4787765293383271,0.4700374531835206,0.30149812734082393,0.5649188514357053,0.5062421972534333,0.5318352059925094,0.4375780274656679,0.5318352059925094,0.622347066167291,0.5349563046192262,0.5580524344569289,0.7166042446941323,0.9887640449438202,0.8957553058676657,1.0,0.9694132334581775,0.6498127340823969,0.5536828963795256,0.5568039950062424,0
0.0,0.11592356687898094,0.34968152866242036,0.40509554140127396,0.37579617834394907,0.5757961783439491,0.4471337579617835,0.5146496815286624,0.6165605095541403,0.6000000000000003,0.4681528662420382,0.45923566878980887,0.2872611464968152,0.5560509554140127,0.49617834394904464,0.5222929936305734,0.4261146496815286,0.5222929936305734,0.6146496815286625,0.5254777070063695,0.5490445859872611,0.710828025477707,0.9885350318471338,0.893630573248408,1.0,0.9687898089171978,0.6426751592356688,0.5445859872611465,0.5477707006369429,0.41719745222929927,1
0.0,0.26440922190201727,0.3270893371757925,0.29394812680115273,0.5201729106628243,0.37463976945244964,0.45100864553314124,0.5662824207492797,0.5475504322766573,0.39841498559077804,0.3883285302593659,0.19380403458213247,0.4978386167146973,0.4301152737752162,0.45965417867435165,0.350864553314121,0.45965417867435165,0.564121037463977,0.46325648414985604,0.48991354466858783,0.6729106628242074,0.9870317002881844,0.879682997118156,1.0,0.964697406340058,0.595821325648415,0.4848703170028818,0.4884726224783864,0.3407780979827088,0.48703170028818443,0
0.08757819481680076,0.16532618409294028,0.12421805183199293,0.4048257372654157,0.22430741733690815,0.319034852546917,0.46201966041108156,0.438784629133155,0.2537980339588919,0.24128686327077747,0.0,0.3771224307417337,0.29311885612153726,0.3297587131367294,0.19481680071492405,0.3297587131367294,0.45933869526362836,0.3342269883824846,0.3672922252010724,0.5942806076854334,0.9839142091152815,0.8507596067917789,1.0,0.9562109025916001,0.4986595174262734,0.3610366398570152,0.3655049151027707,0.1823056300268096,0.36371760500446837,0.2877569258266312,1
0.16532618409294028,0.12421805183199293,0.4048257372654157,0.22430741733690815,0.319034852546917,0.46201966041108156,0.438784629133155,0.2537980339588919,0.24128686327077747,0.0,0.3771224307417337,0.29311885612153726,0.3297587131367294,0.19481680071492405,0.3297587131367294,0.45933869526362836,0.3342269883824846,0.3672922252010724,0.5942806076854334,0.9839142091152815,0.8507596067917789,1.0,0.9562109025916001,0.4986595174262734,0.3610366398570152,0.3655049151027707,0.1823056300268096,0.36371760500446837,0.2877569258266312,0.31546023235031295,0
0.12421805183199293,0.4048257372654157,0.22430741733690815,0.319034852546917,0.46201966041108156,0.438784629133155,0.2537980339588919,0.24128686327077747,0.0,0.3771224307417337,0.29311885612153726,0.3297587131367294,0.19481680071492405,0.3297587131367294,0.45933869526362836,0.3342269883824846,0.3672922252010724,0.5942806076854334,0.9839142091152815,0.8507596067917789,1.0,0.9562109025916001,0.4986595174262734,0.3610366398570152,0.3655049151027707,0.1823056300268096,0.36371760500446837,0.2877569258266312,0.31546023235031295,0.3217158176943702,1
0.4048257372654157,0.22430741733690815,0.319034852546917,0.46201966041108156,0.438784629133155,0.2537980339588919,0.24128686327077747,0.0,0.3771224307417337,0.29311885612153726,0.3297587131367294,0.19481680071492405,0.3297587131367294,0.45933869526362836,0.3342269883824846,0.3672922252010724,0.5942806076854334,0.9839142091152815,0.8507596067917789,1.0,0.9562109025916001,0.4986595174262734,0.3610366398570152,0.3655049151027707,0.1823056300268096,0.36371760500446837,0.2877569258266312,0.31546023235031295,0.3217158176943702,0.2698838248436104,1
0.22430741733690815,0.319034852546917,0.46201966041108156,0.438784629133155,0.2537980339588919,0.24128686327077747,0.0,0.3771224307417337,0.29311885612153726,0.3297587131367294,0.19481680071492405,0.3297587131367294,0.45933869526362836,0.3342269883824846,0.3672922252010724,0.5942806076854334,0.9839142091152815,0.8507596067917789,1.0,0.9562109025916001,0.4986595174262734,0.3610366398570152,0.3655049151027707,0.1823056300268096,0.36371760500446837,0.2877569258266312,0.31546023235031295,0.3217158176943702,0.2698838248436104,0.3806970509383377,0
0.319034852546917,0.46201966041108156,0.438784629133155,0.2537980339588919,0.24128686327077747,0.0,0.3771224307417337,0.29311885612153726,0.3297587131367294,0.19481680071492405,0.3297587131367294,0.45933869526362836,0.3342269883824846,0.3672922252010724,0.5942806076854334,0.9839142091152815,0.8507596067917789,1.0,0.9562109025916001,0.4986595174262734,0.3610366398570152,0.3655049151027707,0.1823056300268096,0.36371760500446837,0.2877569258266312,0.31546023235031295,0.3217158176943702,0.2698838248436104,0.3806970509383377,0.2582663092046471,1
0.46201966041108156,0.438784629133155,0.2537980339588919,0.24128686327077747,0.0,0.3771224307417337,0.29311885612153726,0.3297587131367294,0.19481680071492405,0.3297587131367294,0.45933869526362836,0.3342269883824846,0.3672922252010724,0.5942806076854334,0.9839142091152815,0.8507596067917789,1.0,0.9562109025916001,0.4986595174262734,0.3610366398570152,0.3655049151027707,0.1823056300268096,0.36371760500446837,0.2877569258266312,0.31546023235031295,0.3217158176943702,0.2698838248436104,0.3806970509383377,0.2582663092046471,0.2609472743521003,1
0.438784629133155,0.2537980339588919,0.24128686327077747,0.0,0.3771224307417337,0.29311885612153726,0.3297587131367294,0.19481680071492405,0.3297587131367294,0.45933869526362836,0.3342269883824846,0.3672922252010724,0.5942806076854334,0.9839142091152815,0.8507596067917789,1.0,0.9562109025916001,0.4986595174262734,0.3610366398570152,0.3655049151027707,0.1823056300268096,0.36371760500446837,0.2877569258266312,0.31546023235031295,0.3217158176943702,0.2698838248436104,0.3806970509383377,0.2582663092046471,0.2609472743521003,0.3029490616621985,1
0.2537980339588919,0.24128686327077747,0.0,0.3771224307417337,0.29311885612153726,0.3297587131367294,0.19481680071492405,0.3297587131367294,0.45933869526362836,0.3342269883824846,0.3672922252010724,0.5942806076854334,0.9839142091152815,0.8507596067917789,1.0,0.9562109025916001,0.4986595174262734,0.3610366398570152,0.3655049151027707,0.1823056300268096,0.36371760500446837,0.2877569258266312,0.31546023235031295,0.3217158176943702,0.2698838248436104,0.3806970509383377,0.2582663092046471,0.2609472743521003,0.3029490616621985,0.3315460232350314,1
0.24128686327077747,0.0,0.3771224307417337,0.29311885612153726,0.3297587131367294,0.19481680071492405,0.3297587131367294,0.45933869526362836,0.3342269883824846,0.3672922252010724,0.5942806076854334,0.9839142091152815,0.8507596067917789,1.0,0.9562109025916001,0.4986595174262734,0.3610366398570152,0.3655049151027707,0.1823056300268096,0.36371760500446837,0.2877569258266312,0.31546023235031295,0.3217158176943702,0.2698838248436104,0.3806970509383377,0.2582663092046471,0.2609472743521003,0.3029490616621985,0.3315460232350314,0.4012511170688117,1
0.0,0.3771224307417337,0.29311885612153726,0.3297587131367294,0.19481680071492405,0.3297587131367294,0.45933869526362836,0.3342269883824846,0.3672922252010724,0.5942806076854334,0.9839142091152815,0.8507596067917789,1.0,0.9562109025916001,0.4986595174262734,0.3610366398570152,0.3655049151027707,0.1823056300268096,0.36371760500446837,0.2877569258266312,0.31546023235031295,0.3217158176943702,0.2698838248436104,0.3806970509383377,0.2582663092046471,0.2609472743521003,0.3029490616621985,0.3315460232350314,0.4012511170688117,0.41912421805183186,0
0.23825136612021858,0.13551912568306035,0.18032786885245927,0.015300546448087496,0.18032786885245927,0.3387978142076505,0.1857923497267763,0.22622950819672139,0.5038251366120219,0.980327868852459,0.8174863387978147,1.0,0.9464480874316945,0.3868852459016393,0.21857923497267762,0.22404371584699503,0.0,0.2218579234972679,0.12896174863388016,0.16284153005464505,0.1704918032786888,0.10710382513661208,0.24262295081967206,0.09289617486338815,0.09617486338797844,0.14754098360655757,0.182513661202186,0.2677595628415304,0.2896174863387977,0.30819672131147546,0
0.13551912568306035,0.18032786885245927,0.015300546448087496,0.18032786885245927,0.3387978142076505,0.1857923497267763,0.22622950819672139,0.5038251366120219,0.980327868852459,0.8174863387978147,1.0,0.9464480874316945,0.3868852459016393,0.21857923497267762,0.22404371584699503,0.0,0.2218579234972679,0.12896174863388016,0.16284153005464505,0.1704918032786888,0.10710382513661208,0.24262295081967206,0.09289617486338815,0.09617486338797844,0.14754098360655757,0.182513661202186,0.2677595628415304,0.2896174863387977,0.30819672131147546,0.24699453551912628,0
0.18032786885245927,0.015300546448087496,0.18032786885245927,0.3387978142076505,0.1857923497267763,0.22622950819672139,0.5038251366120219,0.980327868852459,0.8174863387978147,1.0,0.9464480874316945,0.3868852459016393,0.21857923497267762,0.22404371584699503,0.0,0.2218579234972679,0.12896174863388016,0.16284153005464505,0.1704918032786888,0.10710382513661208,0.24262295081967206,0.09289617486338815,0.09617486338797844,0.14754098360655757,0.182513661202186,0.2677595628415304,0.2896174863387977,0.30819672131147546,0.24699453551912628,0.09508196721311488,1
0.015300546448087496,0.18032786885245927,0.3387978142076505,0.1857923497267763,0.22622950819672139,0.5038251366120219,0.980327868852459,0.8174863387978147,1.0,0.9464480874316945,0.3868852459016393,0.21857923497267762,0.22404371584699503,0.0,0.2218579234972679,0.12896174863388016,0.16284153005464505,0.1704918032786888,0.10710382513661208,0.24262295081967206,0.09289617486338815,0.09617486338797844,0.14754098360655757,0.182513661202186,0.2677595628415304,0.2896174863387977,0.30819672131147546,0.24699453551912628,0.09508196721311488,0.08415300546448123,1
0.18032786885245927,0.3387978142076505,0.1857923497267763,0.22622950819672139,0.5038251366120219,0.980327868852459,0.8174863387978147,1.0,0.9464480874316945,0.3868852459016393,0.21857923497267762,0.22404371584699503,0.0,0.2218579234972679,0.12896174863388016,0.16284153005464505,0.1704918032786888,0.10710382513661208,0.24262295081967206,0.09289617486338815,0.09617486338797844,0.14754098360655757,0.182513661202186,0.2677595628415304,0.2896174863387977,0.30819672131147546,0.24699453551912628,0.09508196721311488,0.08415300546448123,0.17486338797814227,1
0.3387978142076505,0.1857923497267763,0.22622950819672139,0.5038251366120219,0.980327868852459,0.8174863387978147,1.0,0.9464480874316945,0.3868852459016393,0.21857923497267762,0.22404371584699503,0.0,0.2218579234972679,0.12896174863388016,0.16284153005464505,0.1704918032786888,0.10710382513661208,0.24262295081967206,0.09289617486338815,0.09617486338797844,0.14754098360655757,0.182513661202186,0.2677595628415304,0.2896174863387977,0.30819672131147546,0.24699453551912628,0.09508196721311488,0.08415300546448123,0.17486338797814227,0.14426229508196728,1
0.1857923497267763,0.22622950819672139,0.5038251366120219,0.980327868852459,0.8174863387978147,1.0,0.9464480874316945,0.3868852459016393,0.21857923497267762,0.22404371584699503,0.0,0.2218579234972679,0.12896174863388016,0.16284153005464505,0.1704918032786888,0.10710382513661208,0.24262295081967206,0.09289617486338815,0.09617486338797844,0.14754098360655757,0.182513661202186,0.2677595628415304,0.2896174863387977,0.30819672131147546,0.24699453551912628,0.09508196721311488,0.08415300546448123,0.17486338797814227,0.14426229508196728,0.273224043715847,1
0.22622950819672139,0.5038251366120219,0.980327868852459,0.8174863387978147,1.0,0.9464480874316945,0.3868852459016393,0.21857923497267762,0.22404371584699503,0.0,0.2218579234972679,0.12896174863388016,0.16284153005464505,0.1704918032786888,0.10710382513661208,0.24262295081967206,0.09289617486338815,0.09617486338797844,0.14754098360655757,0.182513661202186,0.2677595628415304,0.2896174863387977,0.30819672131147546,0.24699453551912628,0.09508196721311488,0.08415300546448123,0.17486338797814227,0.14426229508196728,0.273224043715847,0.4437158469945358,0
0.5038251366120219,0.980327868852459,0.8174863387978147,1.0,0.9464480874316945,0.3868852459016393,0.21857923497267762,0.22404371584699503,0.0,0.2218579234972679,0.12896174863388016,0.16284153005464505,0.1704918032786888,0.10710382513661208,0.24262295081967206,0.09289617486338815,0.09617486338797844,0.14754098360655757,0.182513661202186,0.2677595628415304,0.2896174863387977,0.30819672131147546,0.24699453551912628,0.09508196721311488,0.08415300546448123,0.17486338797814227,0.14426229508196728,0.273224043715847,0.4437158469945358,0.33989071038251367,1
0.980327868852459,0.8174863387978147,1.0,0.9464480874316945,0.3868852459016393,0.21857923497267762,0.22404371584699503,0.0,0.2218579234972679,0.12896174863388016,0.16284153005464505,0.1704918032786888,0.10710382513661208,0.24262295081967206,0.09289617486338815,0.09617486338797844,0.14754098360655757,0.182513661202186,0.2677595628415304,0.2896174863387977,0.30819672131147546,0.24699453551912628,0.09508196721311488,0.08415300546448123,0.17486338797814227,0.14426229508196728,0.273224043715847,0.4437158469945358,0.33989071038251367,0.41311475409836085,0
0.8174863387978147,1.0,0.9464480874316945,0.3868852459016393,0.21857923497267762,0.22404371584699503,0.0,0.2218579234972679,0.12896174863388016,0.16284153005464505,0.1704918032786888,0.10710382513661208,0.24262295081967206,0.09289617486338815,0.09617486338797844,0.14754098360655757,0.182513661202186,0.2677595628415304,0.2896174863387977,0.30819672131147546,0.24699453551912628,0.09508196721311488,0.08415300546448123,0.17486338797814227,0.14426229508196728,0.273224043715847,0.4437158469945358,0.33989071038251367,0.41311475409836085,0.4295081967213115,0
1.0,0.9464480874316945,0.3868852459016393,0.21857923497267762,0.22404371584699503,0.0,0.2218579234972679,0.12896174863388016,0.16284153005464505,0.1704918032786888,0.10710382513661208,0.24262295081967206,0.09289617486338815,0.09617486338797844,0.14754098360655757,0.182513661202186,0.2677595628415304,0.2896174863387977,0.30819672131147546,0.24699453551912628,0.09508196721311488,0.08415300546448123,0.17486338797814227,0.14426229508196728,0.273224043715847,0.4437158469945358,0.33989071038251367,0.41311475409836085,0.4295081967213115,0.2841530054644811,1
1.0,0.40877598152424915,0.23094688221708998,0.2367205542725177,0.0,0.23441108545034645,0.13625866050808347,0.17205542725173226,0.18013856812933043,0.11316397228637413,0.25635103926096975,0.09815242494226341,0.10161662817551988,0.1558891454965359,0.19284064665127032,0.28290993071593556,0.306004618937644,0.3256351039260969,0.26096997690531226,0.10046189376443425,0.08891454965358,0.18475750577367214,0.1524249422632794,0.28868360277136246,0.4688221709006929,0.3591224018475748,0.4364896073903002,0.45381062355658175,0.30023094688221713,0.33371824480369505,1
0.26961157654226947,0.1523229246001523,0.15613099771515643,0.0,0.15460776846915467,0.0898705255140901,0.11348057882711361,0.11881188118811896,0.07463823305407466,0.16907844630616897,0.06473724295506483,0.0670220868240672,0.1028179741051029,0.1271896420411273,0.18659558263518677,0.20182787509520167,0.21477532368621474,0.17212490479817247,0.06626047220106632,0.05864432597105887,0.12185833968012194,0.10053313023610054,0.19040365575019036,0.30921553693830933,0.23686214775323677,0.28789032749428795,0.29931454683929926,0.19801980198019808,0.22010662604722012,1.0,1
0.1383125864453665,0.14177040110650097,0.0,0.1403872752420471,0.08160442600276648,0.1030428769017982,0.10788381742738604,0.06777316735822962,0.15352697095435675,0.05878284923928087,0.060857538035961445,0.0933609958506225,0.11549100968188117,0.16943291839557417,0.18326417704011055,0.1950207468879668,0.1562932226832645,0.060165975103734504,0.05325034578146633,0.11065006915629332,0.09128630705394192,0.17289073305670816,0.2807745504840942,0.2150760719225449,0.2614107883817428,0.2717842323651452,0.17980636237897657,0.19986168741355467,0.9080221300138314,1.0,1
0.1242424242424245,0.0,0.1230303030303031,0.07151515151515171,0.09030303030303043,0.09454545454545468,0.05939393939393942,0.13454545454545447,0.051515151515151604,0.05333333333333349,0.0818181818181819,0.10121212121212131,0.14848484848484866,0.16060606060606053,0.17090909090909093,0.13696969696969727,0.05272727272727279,0.046666666666666856,0.09696969696969705,0.08000000000000002,0.15151515151515152,0.2460606060606062,0.18848484848484845,0.22909090909090915,0.23818181818181816,0.15757575757575767,0.1751515151515152,0.7957575757575759,0.8763636363636365,1.0,0
0.0,0.1230303030303031,0.07151515151515171,0.09030303030303043,0.09454545454545468,0.05939393939393942,0.13454545454545447,0.051515151515151604,0.05333333333333349,0.0818181818181819,0.10121212121212131,0.14848484848484866,0.16060606060606053,0.17090909090909093,0.13696969696969727,0.05272727272727279,0.046666666666666856,0.09696969696969705,0.08000000000000002,0.15151515151515152,0.2460606060606062,0.18848484848484845,0.22909090909090915,0.23818181818181816,0.15757575757575767,0.1751515151515152,0.7957575757575759,0.8763636363636365,1.0,0.7787878787878789,0
0.08010171646535272,0.026064844246662444,0.04577240940877298,0.05022250476795927,0.013350286077558636,0.09218054672600103,0.005085823267641342,0.006993006993006958,0.03687221869040041,0.057215511760966224,0.10680228862047045,0.11951684678957379,0.130324221233312,0.09472345835982214,0.006357279084551678,0.0,0.05276541640177994,0.034965034965034794,0.10998092816274617,0.2091544818817546,0.14876033057851218,0.19135410044500945,0.20089001907183707,0.11633820724729807,0.13477431659249828,0.785759694850604,0.8703115066751431,1.0,0.7679593134138589,0.8156389065479975,0
0.026064844246662444,0.04577240940877298,0.05022250476795927,0.013350286077558636,0.09218054672600103,0.005085823267641342,0.006993006993006958,0.03687221869040041,0.057215511760966224,0.10680228862047045,0.11951684678957379,0.130324221233312,0.09472345835982214,0.006357279084551678,0.0,0.05276541640177994,0.034965034965034794,0.10998092816274617,0.2091544818817546,0.14876033057851218,0.19135410044500945,0.20089001907183707,0.11633820724729807,0.13477431659249828,0.785759694850604,0.8703115066751431,1.0,0.7679593134138589,0.8156389065479975,0.6929434202161475,1
0.04577240940877298,0.05022250476795927,0.013350286077558636,0.09218054672600103,0.005085823267641342,0.006993006993006958,0.03687221869040041,0.057215511760966224,0.10680228862047045,0.11951684678957379,0.130324221233312,0.09472345835982214,0.006357279084551678,0.0,0.05276541640177994,0.034965034965034794,0.10998092816274617,0.2091544818817546,0.14876033057851218,0.19135410044500945,0.20089001907183707,0.11633820724729807,0.13477431659249828,0.785759694850604,0.8703115066751431,1.0,0.7679593134138589,0.8156389065479975,0.6929434202161475,0.670057215511761,1
0.05022250476795927,0.013350286077558636,0.09218054672600103,0.005085823267641342,0.006993006993006958,0.03687221869040041,0.057215511760966224,0.10680228862047045,0.11951684678957379,0.130324221233312,0.09472345835982214,0.006357279084551678,0.0,0.05276541640177994,0.034965034965034794,0.10998092816274617,0.2091544818817546,0.14876033057851218,0.19135410044500945,0.20089001907183707,0.11633820724729807,0.13477431659249828,0.785759694850604,0.8703115066751431,1.0,0.7679593134138589,0.8156389065479975,0.6929434202161475,0.670057215511761,0.7374443738080104,1
0.013350286077558636,0.09218054672600103,0.005085823267641342,0.006993006993006958,0.03687221869040041,0.057215511760966224,0.10680228862047045,0.11951684678957379,0.130324221233312,0.09472345835982214,0.006357279084551678,0.0,0.05276541640177994,0.034965034965034794,0.10998092816274617,0.2091544818817546,0.14876033057851218,0.19135410044500945,0.20089001907183707,0.11633820724729807,0.13477431659249828,0.785759694850604,0.8703115066751431,1.0,0.7679593134138589,0.8156389065479975,0.6929434202161475,0.670057215511761,0.7374443738080104,0.7940241576605216,1
0.09218054672600103,0.005085823267641342,0.006993006993006958,0.03687221869040041,0.057215511760966224,0.10680228862047045,0.11951684678957379,0.130324221233312,0.09472345835982214,0.006357279084551678,0.0,0.05276541640177994,0.034965034965034794,0.10998092816274617,0.2091544818817546,0.14876033057851218,0.19135410044500945,0.20089001907183707,0.11633820724729807,0.13477431659249828,0.785759694850604,0.8703115066751431,1.0,0.7679593134138589,0.8156389065479975,0.6929434202161475,0.670057215511761,0.7374443738080104,0.7940241576605216,0.8156389065479975,1
0.004722550177095532,0.006493506493506461,0.034238488783943234,0.05312868949232578,0.09917355371900827,0.11097992916174709,0.1210153482880754,0.08795749704840627,0.005903187721369415,0.0,0.048996458087367085,0.032467532467532305,0.10212514757969286,0.19421487603305781,0.13813459268004702,0.17768595041322305,0.18654073199527726,0.10802833530106248,0.1251475796930341,0.7296340023612752,0.8081463990554899,0.9285714285714285,0.7131050767414404,0.7573789846517119,0.6434474616292798,0.6221959858323495,0.6847697756788668,0.7373081463990557,0.7573789846517119,1.0,1
0.006493506493506461,0.034238488783943234,0.05312868949232578,0.09917355371900827,0.11097992916174709,0.1210153482880754,0.08795749704840627,0.005903187721369415,0.0,0.048996458087367085,0.032467532467532305,0.10212514757969286,0.19421487603305781,0.13813459268004702,0.17768595041322305,0.18654073199527726,0.10802833530106248,0.1251475796930341,0.7296340023612752,0.8081463990554899,0.9285714285714285,0.7131050767414404,0.7573789846517119,0.6434474616292798,0.6221959858323495,0.6847697756788668,0.7373081463990557,0.7573789846517119,1.0,0.9893742621015349,1
0.02803286611889794,0.04349927501208307,0.08119864668922185,0.09086515224746233,0.09908168197196701,0.0720154664088933,0.0048332527791202454,0.0,0.04011599806669881,0.02658289028516178,0.08361527307878187,0.15901401643305943,0.11309811503141598,0.14548090865152238,0.15273078782020286,0.08844852585790229,0.10246495891735126,0.597390043499275,0.6616723054615756,0.7602706621556307,0.583856935717738,0.6201063315611406,0.5268245529241179,0.5094248429192847,0.5606573223779605,0.6036732721121316,0.6201063315611406,0.818753020782987,0.8100531657805703,1.0,0
0.04349927501208307,0.08119864668922185,0.09086515224746233,0.09908168197196701,0.0720154664088933,0.0048332527791202454,0.0,0.04011599806669881,0.02658289028516178,0.08361527307878187,0.15901401643305943,0.11309811503141598,0.14548090865152238,0.15273078782020286,0.08844852585790229,0.10246495891735126,0.597390043499275,0.6616723054615756,0.7602706621556307,0.583856935717738,0.6201063315611406,0.5268245529241179,0.5094248429192847,0.5606573223779605,0.6036732721121316,0.6201063315611406,0.818753020782987,0.8100531657805703,1.0,0.8724021266312227,1
0.08119864668922185,0.09086515224746233,0.09908168197196701,0.0720154664088933,0.0048332527791202454,0.0,0.04011599806669881,0.02658289028516178,0.08361527307878187,0.15901401643305943,0.11309811503141598,0.14548090865152238,0.15273078782020286,0.08844852585790229,0.10246495891735126,0.597390043499275,0.6616723054615756,0.7602706621556307,0.583856935717738,0.6201063315611406,0.5268245529241179,0.5094248429192847,0.5606573223779605,0.6036732721121316,0.6201063315611406,0.818753020782987,0.8100531657805703,1.0,0.8724021266312227,0.9043015949734172,0
0.09086515224746233,0.09908168197196701,0.0720154664088933,0.0048332527791202454,0.0,0.04011599806669881,0.02658289028516178,0.08361527307878187,0.15901401643305943,0.11309811503141598,0.14548090865152238,0.15273078782020286,0.08844852585790229,0.10246495891735126,0.597390043499275,0.6616723054615756,0.7602706621556307,0.583856935717738,0.6201063315611406,0.5268245529241179,0.5094248429192847,0.5606573223779605,0.6036732721121316,0.6201063315611406,0.818753020782987,0.8100531657805703,1.0,0.8724021266312227,0.9043015949734172,0.9946834219429677,0
0.09908168197196701,0.0720154664088933,0.0048332527791202454,0.0,0.04011599806669881,0.02658289028516178,0.08361527307878187,0.15901401643305943,0.11309811503141598,0.14548090865152238,0.15273078782020286,0.08844852585790229,0.10246495891735126,0.597390043499275,0.6616723054615756,0.7602706621556307,0.583856935717738,0.6201063315611406,0.5268245529241179,0.5094248429192847,0.5606573223779605,0.6036732721121316,0.6201063315611406,0.818753020782987,0.8100531657805703,1.0,0.8724021266312227,0.9043015949734172,0.9946834219429677,0.6563557274045433,1
0.0720154664088933,0.0048332527791202454,0.0,0.04011599806669881,0.02658289028516178,0.08361527307878187,0.15901401643305943,0.11309811503141598,0.14548090865152238,0.15273078782020286,0.08844852585790229,0.10246495891735126,0.597390043499275,0.6616723054615756,0.7602706621556307,0.583856935717738,0.6201063315611406,0.5268245529241179,0.5094248429192847,0.5606573223779605,0.6036732721121316,0.6201063315611406,0.818753020782987,0.8100531657805703,1.0,0.8724021266312227,0.9043015949734172,0.9946834219429677,0.6563557274045433,0.7303044949250846,0
0.0048332527791202454,0.0,0.04011599806669881,0.02658289028516178,0.08361527307878187,0.15901401643305943,0.11309811503141598,0.14548090865152238,0.15273078782020286,0.08844852585790229,0.10246495891735126,0.597390043499275,0.6616723054615756,0.7602706621556307,0.583856935717738,0.6201063315611406,0.5268245529241179,0.5094248429192847,0.5606573223779605,0.6036732721121316,0.6201063315611406,0.818753020782987,0.8100531657805703,1.0,0.8724021266312227,0.9043015949734172,0.9946834219429677,0.6563557274045433,0.7303044949250846,0.6955050749154181,1
0.0,0.04011599806669881,0.02658289028516178,0.08361527307878187,0.15901401643305943,0.11309811503141598,0.14548090865152238,0.15273078782020286,0.08844852585790229,0.10246495891735126,0.597390043499275,0.6616723054615756,0.7602706621556307,0.583856935717738,0.6201063315611406,0.5268245529241179,0.5094248429192847,0.5606573223779605,0.6036732721121316,0.6201063315611406,0.818753020782987,0.8100531657805703,1.0,0.8724021266312227,0.9043015949734172,0.9946834219429677,0.6563557274045433,0.7303044949250846,0.6955050749154181,0.6998550024166263,1
0.013902681231380394,0.0,0.05858987090367426,0.13604766633565055,0.08887785501489569,0.12214498510427015,0.1295928500496524,0.06355511420059588,0.07795431976166833,0.5863952333664351,0.6524329692154915,0.7537239324726911,0.5724925521350547,0.6097318768619663,0.5139026812313804,0.4960278053624628,0.5486593843098314,0.5928500496524332,0.6097318768619663,0.8138033763654419,0.8048659384309831,1.0,0.868917576961271,0.9016881827209535,0.9945382323733863,0.6469712015888779,0.7229394240317777,0.6871896722939426,0.6916583912611718,0.7244289970208542,1
0.0,0.05858987090367426,0.13604766633565055,0.08887785501489569,0.12214498510427015,0.1295928500496524,0.06355511420059588,0.07795431976166833,0.5863952333664351,0.6524329692154915,0.7537239324726911,0.5724925521350547,0.6097318768619663,0.5139026812313804,0.4960278053624628,0.5486593843098314,0.5928500496524332,0.6097318768619663,0.8138033763654419,0.8048659384309831,1.0,0.868917576961271,0.9016881827209535,0.9945382323733863,0.6469712015888779,0.7229394240317777,0.6871896722939426,0.6916583912611718,0.7244289970208542,0.7864945382323736,1
0.0,0.08227848101265835,0.032172995780590685,0.06751054852320681,0.07542194092827002,0.005274261603375602,0.020569620253164587,0.5606540084388186,0.6308016877637131,0.7383966244725738,0.5458860759493671,0.5854430379746836,0.4836497890295359,0.4646624472573841,0.5205696202531648,0.567510548523207,0.5854430379746836,0.8022151898734178,0.7927215189873418,1.0,0.860759493670886,0.8955696202531648,0.994198312236287,0.625,0.7056962025316457,0.6677215189873419,0.6724683544303797,0.7072784810126584,0.7732067510548525,0.8539029535864981,0
0.07741251325556739,0.027041357370095335,0.0625662778366914,0.07051961823966058,0.0,0.015376458112407166,0.5583244962884413,0.6288441145281017,0.7370095440084835,0.5434782608695652,0.5832449628844115,0.48091198303287386,0.46182396606574766,0.5180275715800639,0.565217391304348,0.5832449628844115,0.8011664899257688,0.7916224814422057,1.0,0.8600212089077413,0.8950159066808061,0.9941675503711559,0.6230116648992577,0.7041357370095441,0.6659597030752917,0.6707317073170731,0.705726405090138,0.7720042417815484,0.8531283138918347,0.8191940615058326,1
0.027041357370095335,0.0625662778366914,0.07051961823966058,0.0,0.015376458112407166,0.5583244962884413,0.6288441145281017,0.7370095440084835,0.5434782608695652,0.5832449628844115,0.48091198303287386,0.46182396606574766,0.5180275715800639,0.565217391304348,0.5832449628844115,0.8011664899257688,0.7916224814422057,1.0,0.8600212089077413,0.8950159066808061,0.9941675503711559,0.6230116648992577,0.7041357370095441,0.6659597030752917,0.6707317073170731,0.705726405090138,0.7720042417815484,0.8531283138918347,0.8191940615058326,0.7158006362672322,1
0.05841584158415839,0.06584158415841575,0.0,0.014356435643564312,0.5212871287128713,0.587128712871287,0.688118811881188,0.5074257425742573,0.5445544554455445,0.44900990099009896,0.4311881188118812,0.48366336633663376,0.5277227722772279,0.5445544554455445,0.7480198019801979,0.739108910891089,0.9336633663366335,0.8029702970297028,0.8356435643564356,0.928217821782178,0.5816831683168316,0.6574257425742573,0.6217821782178218,0.6262376237623761,0.6589108910891089,0.7207920792079208,0.7965346534653466,0.7648514851485149,0.6683168316831682,1.0,1
0.058205689277899264,0.0,0.012691466083150946,0.46083150984682714,0.5190371991247265,0.6083150984682713,0.4485776805251641,0.48140043763676144,0.3969365426695842,0.3811816192560175,0.4275711159737419,0.4665207877461708,0.48140043763676144,0.661269146608315,0.6533916849015317,0.8253829321663019,0.7098468271334791,0.738730853391685,0.8205689277899343,0.5142231947483589,0.5811816192560175,0.5496717724288841,0.5536105032822756,0.5824945295404814,0.6371991247264771,0.7041575492341358,0.676148796498906,0.5908096280087527,0.8840262582056894,1.0,1
0.0,0.011953833470733683,0.43404781533388304,0.4888705688375928,0.572959604286892,0.42250618301731246,0.45342126957955486,0.37386644682605114,0.3590272052761748,0.4027205276174775,0.43940643033800514,0.45342126957955486,0.622835943940643,0.6154163231657049,0.7774113767518549,0.6685902720527618,0.6957955482275352,0.7728771640560594,0.48433635614179726,0.5474031327287717,0.5177246496290191,0.5214344600164881,0.5486397361912615,0.6001648804616654,0.66323165704864,0.6368507831821931,0.5564715581203628,0.8326463314097281,0.9418796372629845,1.0,0
0.0,0.4272006675010431,0.4826866916979558,0.5677930746766792,0.4155193992490614,0.4468085106382979,0.3662911973299959,0.3512724238631624,0.39549436795995013,0.43262411347517754,0.4468085106382979,0.6182728410513142,0.6107634543178975,0.7747183979974969,0.6645807259073843,0.6921151439299126,0.7701293283270756,0.4780976220275345,0.5419274092615771,0.51188986232791,0.5156445556946183,0.5431789737171466,0.5953274926992075,0.6591572799332501,0.6324572382144349,0.5511055486024198,0.8306216103462664,0.9411764705882354,1.0,0.954526491447643,1
0.11063829787234042,0.19148936170212755,0.3155015197568387,0.09361702127659567,0.13920972644376892,0.021884498480243122,0.0,0.06443768996960499,0.11854103343465061,0.13920972644376892,0.38905775075987825,0.3781155015197567,0.6170212765957445,0.45653495440729464,0.4966565349544073,0.6103343465045591,0.18480243161094217,0.2778115501519757,0.2340425531914894,0.23951367781154997,0.27963525835866265,0.3556231003039514,0.4486322188449849,0.40972644376899703,0.2911854103343464,0.6984802431610942,0.8595744680851063,0.9452887537993918,0.8790273556231002,1.0,0
0.19148936170212755,0.3155015197568387,0.09361702127659567,0.13920972644376892,0.021884498480243122,0.0,0.06443768996960499,0.11854103343465061,0.13920972644376892,0.38905775075987825,0.3781155015197567,0.6170212765957445,0.45653495440729464,0.4966565349544073,0.6103343465045591,0.18480243161094217,0.2778115501519757,0.2340425531914894,0.23951367781154997,0.27963525835866265,0.3556231003039514,0.4486322188449849,0.40972644376899703,0.2911854103343464,0.6984802431610942,0.8595744680851063,0.9452887537993918,0.8790273556231002,1.0,0.9446808510638296,0
0.3155015197568387,0.09361702127659567,0.13920972644376892,0.021884498480243122,0.0,0.06443768996960499,0.11854103343465061,0.13920972644376892,0.38905775075987825,0.3781155015197567,0.6170212765957445,0.45653495440729464,0.4966565349544073,0.6103343465045591,0.18480243161094217,0.2778115501519757,0.2340425531914894,0.23951367781154997,0.27963525835866265,0.3556231003039514,0.4486322188449849,0.40972644376899703,0.2911854103343464,0.6984802431610942,0.8595744680851063,0.9452887537993918,0.8790273556231002,1.0,0.9446808510638296,0.8376899696048632,1
0.09361702127659567,0.13920972644376892,0.021884498480243122,0.0,0.06443768996960499,0.11854103343465061,0.13920972644376892,0.38905775075987825,0.3781155015197567,0.6170212765957445,0.45653495440729464,0.4966565349544073,0.6103343465045591,0.18480243161094217,0.2778115501519757,0.2340425531914894,0.23951367781154997,0.27963525835866265,0.3556231003039514,0.4486322188449849,0.40972644376899703,0.2911854103343464,0.6984802431610942,0.8595744680851063,0.9452887537993918,0.8790273556231002,1.0,0.9446808510638296,0.8376899696048632,0.933738601823708,0
0.13920972644376892,0.021884498480243122,0.0,0.06443768996960499,0.11854103343465061,0.13920972644376892,0.38905775075987825,0.3781155015197567,0.6170212765957445,0.45653495440729464,0.4966565349544073,0.6103343465045591,0.18480243161094217,0.2778115501519757,0.2340425531914894,0.23951367781154997,0.27963525835866265,0.3556231003039514,0.4486322188449849,0.40972644376899703,0.2911854103343464,0.6984802431610942,0.8595744680851063,0.9452887537993918,0.8790273556231002,1.0,0.9446808510638296,0.8376899696048632,0.933738601823708,0.8686930091185409,1
0.021884498480243122,0.0,0.06443768996960499,0.11854103343465061,0.13920972644376892,0.38905775075987825,0.3781155015197567,0.6170212765957445,0.45653495440729464,0.4966565349544073,0.6103343465045591,0.18480243161094217,0.2778115501519757,0.2340425531914894,0.23951367781154997,0.27963525835866265,0.3556231003039514,0.4486322188449849,0.40972644376899703,0.2911854103343464,0.6984802431610942,0.8595744680851063,0.9452887537993918,0.8790273556231002,1.0,0.9446808510638296,0.8376899696048632,0.933738601823708,0.8686930091185409,0.9082066869300909,1
0.0,0.06109510086455344,0.11239193083573502,0.13198847262247831,0.3688760806916425,0.3585014409221901,0.5850144092219018,0.4328530259365993,0.4708933717579251,0.5786743515850143,0.1752161383285302,0.2634005763688761,0.22190201729106634,0.22708933717579236,0.2651296829971182,0.33717579250720464,0.42536023054755057,0.38847262247838626,0.2760806916426512,0.6622478386167148,0.814985590778098,0.8962536023054752,0.8334293948126801,0.9481268011527378,0.8956772334293946,0.7942363112391931,0.8853025936599422,0.8236311239193083,0.8610951008645531,1.0,1
0.0,0.04649947753396032,0.06426332288401237,0.27899686520376155,0.269592476489028,0.4749216300940437,0.336990595611285,0.37147335423197486,0.4691745036572621,0.1034482758620688,0.18338557993730398,0.14576802507836986,0.15047021943573644,0.18495297805642627,0.25026123301985365,0.33019853709508884,0.296760710553814,0.19487983281086713,0.544932079414838,0.683385579937304,0.7570532915360498,0.7001044932079414,0.8040752351097179,0.7565308254963425,0.6645768025078369,0.7471264367816091,0.6912225705329151,0.7251828631138973,0.8510971786833855,1.0,0
0.0,0.018630136986301168,0.24383561643835594,0.2339726027397258,0.44931506849315045,0.3046575342465751,0.34082191780821913,0.4432876712328765,0.05972602739726007,0.1435616438356163,0.10410958904109581,0.10904109589041068,0.14520547945205473,0.21369863013698623,0.29753424657534244,0.2624657534246575,0.15561643835616418,0.5227397260273973,0.6679452054794519,0.7452054794520545,0.6854794520547944,0.7945205479452054,0.7446575342465751,0.6482191780821916,0.734794520547945,0.6761643835616437,0.7117808219178079,0.8438356164383561,1.0,0.9671232876712328,0
0.0,0.2294807370184254,0.219430485762144,0.438860971524288,0.2914572864321607,0.3283082077051927,0.432719151312116,0.04187604690117252,0.12730318257956452,0.08710217755443897,0.09212730318257947,0.1289782244556115,0.1987716359575657,0.2841987716359577,0.2484645449469571,0.1395868230039084,0.513679508654383,0.6616415410385259,0.74036850921273,0.6795086543830262,0.7906197654941374,0.7398101619207146,0.6415410385259631,0.7297599106644331,0.6700167504187603,0.7063093243997765,0.8408710217755443,1.0,0.9664991624790619,0.9117811278615295,1
0.19580419580419572,0.18531468531468526,0.4143356643356642,0.26048951048951036,0.298951048951049,0.4079254079254078,0.0,0.08916083916083921,0.047202797202797325,0.05244755244755235,0.09090909090909102,0.16375291375291384,0.25291375291375306,0.21561771561771573,0.10198135198135196,0.4924242424242425,0.6468531468531468,0.7290209790209787,0.6655011655011654,0.7814685314685316,0.7284382284382283,0.6258741258741258,0.7179487179487178,0.6555944055944054,0.6934731934731933,0.8339160839160839,1.0,0.965034965034965,0.9079254079254077,0.9289044289044286,0
0.18531468531468526,0.4143356643356642,0.26048951048951036,0.298951048951049,0.4079254079254078,0.0,0.08916083916083921,0.047202797202797325,0.05244755244755235,0.09090909090909102,0.16375291375291384,0.25291375291375306,0.21561771561771573,0.10198135198135196,0.4924242424242425,0.6468531468531468,0.7290209790209787,0.6655011655011654,0.7814685314685316,0.7284382284382283,0.6258741258741258,0.7179487179487178,0.6555944055944054,0.6934731934731933,0.8339160839160839,1.0,0.965034965034965,0.9079254079254077,0.9289044289044286,0.9423076923076922,0
0.4143356643356642,0.26048951048951036,0.298951048951049,0.4079254079254078,0.0,0.08916083916083921,0.047202797202797325,0.05244755244755235,0.09090909090909102,0.16375291375291384,0.25291375291375306,0.21561771561771573,0.10198135198135196,0.4924242424242425,0.6468531468531468,0.7290209790209787,0.6655011655011654,0.7814685314685316,0.7284382284382283,0.6258741258741258,0.7179487179487178,0.6555944055944054,0.6934731934731933,0.8339160839160839,1.0,0.965034965034965,0.9079254079254077,0.9289044289044286,0.9423076923076922,0.8566433566433567,1
0.26048951048951036,0.298951048951049,0.4079254079254078,0.0,0.08916083916083921,0.047202797202797325,0.05244755244755235,0.09090909090909102,0.16375291375291384,0.25291375291375306,0.21561771561771573,0.10198135198135196,0.4924242424242425,0.6468531468531468,0.7290209790209787,0.6655011655011654,0.7814685314685316,0.7284382284382283,0.6258741258741258,0.7179487179487178,0.6555944055944054,0.6934731934731933,0.8339160839160839,1.0,0.965034965034965,0.9079254079254077,0.9289044289044286,0.9423076923076922,0.8566433566433567,0.8822843822843821,1
0.298951048951049,0.4079254079254078,0.0,0.08916083916083921,0.047202797202797325,0.05244755244755235,0.09090909090909102,0.16375291375291384,0.25291375291375306,0.21561771561771573,0.10198135198135196,0.4924242424242425,0.6468531468531468,0.7290209790209787,0.6655011655011654,0.7814685314685316,0.7284382284382283,0.6258741258741258,0.7179487179487178,0.6555944055944054,0.6934731934731933,0.8339160839160839,1.0,0.965034965034965,0.9079254079254077,0.9289044289044286,0.9423076923076922,0.8566433566433567,0.8822843822843821,0.9714452214452214,0
0.4079254079254078,0.0,0.08916083916083921,0.047202797202797325,0.05244755244755235,0.09090909090909102,0.16375291375291384,0.25291375291375306,0.21561771561771573,0.10198135198135196,0.4924242424242425,0.6468531468531468,0.7290209790209787,0.6655011655011654,0.7814685314685316,0.7284382284382283,0.6258741258741258,0.7179487179487178,0.6555944055944054,0.6934731934731933,0.8339160839160839,1.0,0.965034965034965,0.9079254079254077,0.9289044289044286,0.9423076923076922,0.8566433566433567,0.8822843822843821,0.9714452214452214,0.9055944055944054,0
0.0,0.08916083916083921,0.047202797202797325,0.05244755244755235,0.09090909090909102,0.16375291375291384,0.25291375291375306,0.21561771561771573,0.10198135198135196,0.4924242424242425,0.6468531468531468,0.7290209790209787,0.6655011655011654,0.7814685314685316,0.7284382284382283,0.6258741258741258,0.7179487179487178,0.6555944055944054,0.6934731934731933,0.8339160839160839,1.0,0.965034965034965,0.9079254079254077,0.9289044289044286,0.9423076923076922,0.8566433566433567,0.8822843822843821,0.9714452214452214,0.9055944055944054,0.8636363636363634,1
0.04403669724770635,0.0,0.005504587155963077,0.04587155963302752,0.12232415902140671,0.21590214067278293,0.17675840978593274,0.057492354740061015,0.4672782874617737,0.6293577981651375,0.7155963302752291,0.6489296636085626,0.7706422018348624,0.7149847094801222,0.6073394495412844,0.7039755351681956,0.6385321100917429,0.6782874617737,0.8256880733944953,1.0,0.9633027522935779,0.9033639143730884,0.9253822629969415,0.9394495412844035,0.8495412844036697,0.876452599388379,0.9700305810397553,0.9009174311926603,0.8568807339449539,0.8470948012232417,1
0.0,0.005369928400954434,0.04474940334128879,0.11933174224343678,0.21062052505966597,0.17243436754176616,0.05608591885441515,0.4558472553699285,0.6139618138424822,0.6980906921241048,0.633054892601432,0.7517899761336517,0.6974940334128877,0.5924821002386635,0.6867541766109785,0.6229116945107398,0.6616945107398566,0.8054892601431982,0.9755369928400957,0.9397374701670645,0.8812649164677803,0.9027446300715989,0.9164677804295943,0.8287589498806683,0.8550119331742243,0.9463007159904535,0.8788782816229116,0.8359188544152745,0.8263723150357997,1.0,0
0.0,0.03959208158368348,0.11457708458308359,0.2063587282543494,0.1679664067186565,0.050989802039592164,0.4529094181163769,0.6118776244751051,0.6964607078584282,0.6310737852429515,0.7504499100179967,0.6958608278344331,0.5902819436112778,0.6850629874025195,0.620875824835033,0.659868026394721,0.8044391121775646,0.975404919016197,0.9394121175764848,0.8806238752249549,0.9022195560887821,0.9160167966406719,0.8278344331133775,0.8542291541691662,0.946010797840432,0.8782243551289741,0.8350329934013198,0.8254349130173968,1.0,0.9352129574085184,0
0.0,0.07807620237351656,0.1736414740787009,0.1336664584634604,0.011867582760774376,0.4303560274828233,0.5958775765146783,0.6839475327920048,0.6158650843222986,0.7401623985009371,0.6833229231730168,0.5733916302311056,0.6720799500312304,0.6052467207995003,0.6458463460337288,0.796377264209869,0.9743910056214867,0.9369144284821987,0.8757026858213615,0.8981886321049343,0.9125546533416615,0.8207370393504061,0.8482198625858838,0.9437851342910681,0.873204247345409,0.8282323547782635,0.8182386008744537,1.0,0.9325421611492818,0.9406620861961272,0
0.06700379266750962,0.16371681415929223,0.12326169405815442,0.0,0.4235145385587865,0.5910240202275602,0.6801517067003792,0.6112515802781291,0.7370417193426045,0.679519595448799,0.5682680151706702,0.668141592920354,0.6005056890012642,0.6415929203539822,0.7939317319848295,0.9740834386852089,0.936156763590392,0.8742098609355246,0.8969658659924145,0.9115044247787611,0.8185840707964603,0.8463969658659924,0.9431099873577751,0.8716814159292035,0.8261694058154235,0.8160556257901392,1.0,0.9317319848293301,0.9399494310998734,0.8969658659924145,1
0.16371681415929223,0.12326169405815442,0.0,0.4235145385587865,0.5910240202275602,0.6801517067003792,0.6112515802781291,0.7370417193426045,0.679519595448799,0.5682680151706702,0.668141592920354,0.6005056890012642,0.6415929203539822,0.7939317319848295,0.9740834386852089,0.936156763590392,0.8742098609355246,0.8969658659924145,0.9115044247787611,0.8185840707964603,0.8463969658659924,0.9431099873577751,0.8716814159292035,0.8261694058154235,0.8160556257901392,1.0,0.9317319848293301,0.9399494310998734,0.8969658659924145,0.9058154235145385,1
0.12326169405815442,0.0,0.4235145385587865,0.5910240202275602,0.6801517067003792,0.6112515802781291,0.7370417193426045,0.679519595448799,0.5682680151706702,0.668141592920354,0.6005056890012642,0.6415929203539822,0.7939317319848295,0.9740834386852089,0.936156763590392,0.8742098609355246,0.8969658659924145,0.9115044247787611,0.8185840707964603,0.8463969658659924,0.9431099873577751,0.8716814159292035,0.8261694058154235,0.8160556257901392,1.0,0.9317319848293301,0.9399494310998734,0.8969658659924145,0.9058154235145385,0.9007585335018963,1
0.0,0.22513440860215064,0.3141801075268818,0.3615591397849462,0.3249327956989248,0.39180107526881736,0.36122311827956993,0.3020833333333334,0.35517473118279574,0.3192204301075269,0.34106182795698925,0.4220430107526883,0.5178091397849464,0.4976478494623657,0.4647177419354838,0.4768145161290322,0.48454301075268824,0.43514784946236573,0.4499327956989248,0.5013440860215055,0.4633736559139785,0.43918010752688175,0.43380376344086036,0.5315860215053764,0.4952956989247313,0.49966397849462363,0.4768145161290322,0.48151881720430106,0.47883064516129037,1.0,1
0.0,0.08335954702736706,0.12771311733249435,0.09342560553633214,0.1560239068889588,0.12739855300408925,0.07203523120478135,0.12173639509279639,0.08807801195344439,0.10852469329977968,0.18433469644542308,0.2739855300408934,0.25511167033658383,0.22428436615287814,0.23560868197546384,0.24284366152878262,0.1966027052532243,0.21044353570305122,0.2585718779490406,0.22302610883925753,0.2003774771940861,0.19534444793960368,0.2868826675055048,0.2529097200377477,0.25699905630701464,0.23560868197546384,0.24001258257313607,0.23749606794589484,0.7253853413022961,1.0,1
0.012178619756427585,0.05987821380243558,0.023004059539918797,0.09032476319350478,0.05953991880920155,0.0,0.05345060893098776,0.01725304465493904,0.0392422192151555,0.12077131258457374,0.21718538565629233,0.19688768606224627,0.16373477672530432,0.1759133964817319,0.18369418132611634,0.13396481732070367,0.148849797023004,0.20060893098782134,0.16238159675236796,0.13802435723951278,0.1326116373477673,0.23105548037889032,0.19451962110960758,0.1989174560216507,0.1759133964817319,0.18064952638700935,0.17794316644113659,0.7026387009472258,0.9979702300405954,1.0,1
0.053217077570655316,0.020444978953698123,0.08027660853878536,0.05291641611545393,0.0,0.04750450992182796,0.01533373421527354,0.0348767288033673,0.1073361395069152,0.19302465423932655,0.17498496692723992,0.14552014431749835,0.1563439567047503,0.1632591701743836,0.1190619362597715,0.13229104028863492,0.17829224293445578,0.14431749849669262,0.12266987372218875,0.11785929043896576,0.2053517739025856,0.1728803367408298,0.17678893565844842,0.1563439567047503,0.16055321707757053,0.158147925435959,0.6244738424533972,0.8869512928442572,0.8887552615754659,1.0,1
0.01830417227456258,0.07187079407806198,0.04737550471063253,0.0,0.042530282637954206,0.013728129205921888,0.031224764468371382,0.09609690444145359,0.17281292059219389,0.15666218034993276,0.1302826379542395,0.13997308209959614,0.146164199192463,0.10659488559892333,0.11843876177658141,0.15962314939434727,0.12920592193808877,0.10982503364737549,0.10551816958277262,0.1838492597577389,0.15477792732166895,0.15827725437415874,0.13997308209959614,0.14374158815612376,0.14158815612382233,0.5590847913862719,0.7940780619111711,0.7956931359353973,0.8952893674293408,1.0,0
0.07187079407806198,0.04737550471063253,0.0,0.042530282637954206,0.013728129205921888,0.031224764468371382,0.09609690444145359,0.17281292059219389,0.15666218034993276,0.1302826379542395,0.13997308209959614,0.146164199192463,0.10659488559892333,0.11843876177658141,0.15962314939434727,0.12920592193808877,0.10982503364737549,0.10551816958277262,0.1838492597577389,0.15477792732166895,0.15827725437415874,0.13997308209959614,0.14374158815612376,0.14158815612382233,0.5590847913862719,0.7940780619111711,0.7956931359353973,0.8952893674293408,1.0,0.9930013458950204,0
0.04737550471063253,0.0,0.042530282637954206,0.013728129205921888,0.031224764468371382,0.09609690444145359,0.17281292059219389,0.15666218034993276,0.1302826379542395,0.13997308209959614,0.146164199192463,0.10659488559892333,0.11843876177658141,0.15962314939434727,0.12920592193808877,0.10982503364737549,0.10551816958277262,0.1838492597577389,0.15477792732166895,0.15827725437415874,0.13997308209959614,0.14374158815612376,0.14158815612382233,0.5590847913862719,0.7940780619111711,0.7956931359353973,0.8952893674293408,1.0,0.9930013458950204,0.917092866756393,0
0.0,0.042530282637954206,0.013728129205921888,0.031224764468371382,0.09609690444145359,0.17281292059219389,0.15666218034993276,0.1302826379542395,0.13997308209959614,0.146164199192463,0.10659488559892333,0.11843876177658141,0.15962314939434727,0.12920592193808877,0.10982503364737549,0.10551816958277262,0.1838492597577389,0.15477792732166895,0.15827725437415874,0.13997308209959614,0.14374158815612376,0.14158815612382233,0.5590847913862719,0.7940780619111711,0.7956931359353973,0.8952893674293408,1.0,0.9930013458950204,0.917092866756393,0.8444145356662184,0
0.029203056768558965,0.0,0.017740174672489048,0.08351528384279484,0.16129912663755472,0.1449235807860263,0.11817685589519648,0.1280021834061135,0.13427947598253281,0.0941593886462883,0.10616812227074239,0.14792576419213982,0.11708515283842795,0.09743449781659391,0.09306768558951976,0.17248908296943236,0.1430131004366813,0.14656113537117899,0.1280021834061135,0.13182314410480347,0.1296397379912664,0.5529475982532751,0.7912117903930133,0.7928493449781662,0.893831877729258,1.0,0.9929039301310046,0.915938864628821,0.8422489082969435,0.8856441048034935,0
0.0,0.017740174672489048,0.08351528384279484,0.16129912663755472,0.1449235807860263,0.11817685589519648,0.1280021834061135,0.13427947598253281,0.0941593886462883,0.10616812227074239,0.14792576419213982,0.11708515283842795,0.09743449781659391,0.09306768558951976,0.17248908296943236,0.1430131004366813,0.14656113537117899,0.1280021834061135,0.13182314410480347,0.1296397379912664,0.5529475982532751,0.7912117903930133,0.7928493449781662,0.893831877729258,1.0,0.9929039301310046,0.915938864628821,0.8422489082969435,0.8856441048034935,0.6481986899563322,0
0.0,0.06696304529035854,0.14615170880800238,0.12948041122534049,0.10225062517365936,0.11225340372325646,0.11864406779661027,0.07779938871908877,0.09002500694637407,0.1325368157821618,0.10113920533481525,0.08113364823562107,0.07668796888024466,0.15754376215615457,0.12753542650736327,0.13114754098360654,0.11225340372325646,0.1161433731592109,0.1139205334815227,0.5448735759933315,0.7874409558210617,0.7891080855793279,0.8919144206724093,1.0,0.9927757710475135,0.9144206724090025,0.8393998332870245,0.8835787718810781,0.6418449569324816,0.621839399833287,1
0.0,0.08487194758784998,0.06700416914830258,0.03782013103037511,0.04854079809410351,0.05539011316259678,0.011614055985705796,0.024717093508040456,0.07027992852888625,0.03662894580107198,0.015187611673615192,0.010422870756402665,0.09708159618820723,0.06491959499702205,0.06879094699225717,0.04854079809410351,0.05270994639666458,0.05032757593805831,0.5122096486003573,0.7721858248957715,0.7739726027397262,0.8841572364502684,1.0,0.9922572960095297,0.9082787373436569,0.8278737343656942,0.8752233472304943,0.6161405598570581,0.5946992257296009,0.5726622989874927,1
0.07523322299127297,0.057177249473367414,0.02768582606078829,0.03851941017153158,0.045440866686728816,0.0012037315678603419,0.014444778814324316,0.060487511284983406,0.02648209449292795,0.004814926271441367,0.0,0.08757147156184163,0.055070719229611764,0.05898284682515782,0.03851941017153158,0.042732470659042884,0.0403250075233222,0.5070719229611796,0.769786337646705,0.7715919349984955,0.8829371050255796,1.0,0.9921757448089079,0.9073126692747517,0.8260607884441773,0.8739091182666265,0.612097502256997,0.5904303340355099,0.5681613000300934,0.7102016250376166,0
0.057177249473367414,0.02768582606078829,0.03851941017153158,0.045440866686728816,0.0012037315678603419,0.014444778814324316,0.060487511284983406,0.02648209449292795,0.004814926271441367,0.0,0.08757147156184163,0.055070719229611764,0.05898284682515782,0.03851941017153158,0.042732470659042884,0.0403250075233222,0.5070719229611796,0.769786337646705,0.7715919349984955,0.8829371050255796,1.0,0.9921757448089079,0.9073126692747517,0.8260607884441773,0.8739091182666265,0.612097502256997,0.5904303340355099,0.5681613000300934,0.7102016250376166,0.593138730063196,1
0.02768582606078829,0.03851941017153158,0.045440866686728816,0.0012037315678603419,0.014444778814324316,0.060487511284983406,0.02648209449292795,0.004814926271441367,0.0,0.08757147156184163,0.055070719229611764,0.05898284682515782,0.03851941017153158,0.042732470659042884,0.0403250075233222,0.5070719229611796,0.769786337646705,0.7715919349984955,0.8829371050255796,1.0,0.9921757448089079,0.9073126692747517,0.8260607884441773,0.8739091182666265,0.612097502256997,0.5904303340355099,0.5681613000300934,0.7102016250376166,0.593138730063196,0.662353295215167,0
0.03851941017153158,0.045440866686728816,0.0012037315678603419,0.014444778814324316,0.060487511284983406,0.02648209449292795,0.004814926271441367,0.0,0.08757147156184163,0.055070719229611764,0.05898284682515782,0.03851941017153158,0.042732470659042884,0.0403250075233222,0.5070719229611796,0.769786337646705,0.7715919349984955,0.8829371050255796,1.0,0.9921757448089079,0.9073126692747517,0.8260607884441773,0.8739091182666265,0.612097502256997,0.5904303340355099,0.5681613000300934,0.7102016250376166,0.593138730063196,0.662353295215167,0.6015648510382186,1
0.045440866686728816,0.0012037315678603419,0.014444778814324316,0.060487511284983406,0.02648209449292795,0.004814926271441367,0.0,0.08757147156184163,0.055070719229611764,0.05898284682515782,0.03851941017153158,0.042732470659042884,0.0403250075233222,0.5070719229611796,0.769786337646705,0.7715919349984955,0.8829371050255796,1.0,0.9921757448089079,0.9073126692747517,0.8260607884441773,0.8739091182666265,0.612097502256997,0.5904303340355099,0.5681613000300934,0.7102016250376166,0.593138730063196,0.662353295215167,0.6015648510382186,0.6840204634366536,0
0.0012037315678603419,0.014444778814324316,0.060487511284983406,0.02648209449292795,0.004814926271441367,0.0,0.08757147156184163,0.055070719229611764,0.05898284682515782,0.03851941017153158,0.042732470659042884,0.0403250075233222,0.5070719229611796,0.769786337646705,0.7715919349984955,0.8829371050255796,1.0,0.9921757448089079,0.9073126692747517,0.8260607884441773,0.8739091182666265,0.612097502256997,0.5904303340355099,0.5681613000300934,0.7102016250376166,0.593138730063196,0.662353295215167,0.6015648510382186,0.6840204634366536,0.6990671080349081,0
0.014444778814324316,0.060487511284983406,0.02648209449292795,0.004814926271441367,0.0,0.08757147156184163,0.055070719229611764,0.05898284682515782,0.03851941017153158,0.042732470659042884,0.0403250075233222,0.5070719229611796,0.769786337646705,0.7715919349984955,0.8829371050255796,1.0,0.9921757448089079,0.9073126692747517,0.8260607884441773,0.8739091182666265,0.612097502256997,0.5904303340355099,0.5681613000300934,0.7102016250376166,0.593138730063196,0.662353295215167,0.6015648510382186,0.6840204634366536,0.6990671080349081,0.6671682214866087,0
0.060487511284983406,0.02648209449292795,0.004814926271441367,0.0,0.08757147156184163,0.055070719229611764,0.05898284682515782,0.03851941017153158,0.042732470659042884,0.0403250075233222,0.5070719229611796,0.769786337646705,0.7715919349984955,0.8829371050255796,1.0,0.9921757448089079,0.9073126692747517,0.8260607884441773,0.8739091182666265,0.612097502256997,0.5904303340355099,0.5681613000300934,0.7102016250376166,0.593138730063196,0.662353295215167,0.6015648510382186,0.6840204634366536,0.6990671080349081,0.6671682214866087,0.5413782726452001,0
0.02648209449292795,0.004814926271441367,0.0,0.08757147156184163,0.055070719229611764,0.05898284682515782,0.03851941017153158,0.042732470659042884,0.0403250075233222,0.5070719229611796,0.769786337646705,0.7715919349984955,0.8829371050255796,1.0,0.9921757448089079,0.9073126692747517,0.8260607884441773,0.8739091182666265,0.612097502256997,0.5904303340355099,0.5681613000300934,0.7102016250376166,0.593138730063196,0.662353295215167,0.6015648510382186,0.6840204634366536,0.6990671080349081,0.6671682214866087,0.5413782726452001,0.5299428227505267,0
0.004814926271441367,0.0,0.08757147156184163,0.055070719229611764,0.05898284682515782,0.03851941017153158,0.042732470659042884,0.0403250075233222,0.5070719229611796,0.769786337646705,0.7715919349984955,0.8829371050255796,1.0,0.9921757448089079,0.9073126692747517,0.8260607884441773,0.8739091182666265,0.612097502256997,0.5904303340355099,0.5681613000300934,0.7102016250376166,0.593138730063196,0.662353295215167,0.6015648510382186,0.6840204634366536,0.6990671080349081,0.6671682214866087,0.5413782726452001,0.5299428227505267,0.46674691543785723,0
0.0,0.08757147156184163,0.055070719229611764,0.05898284682515782,0.03851941017153158,0.042732470659042884,0.0403250075233222,0.5070719229611796,0.769786337646705,0.7715919349984955,0.8829371050255796,1.0,0.9921757448089079,0.9073126692747517,0.8260607884441773,0.8739091182666265,0.612097502256997,0.5904303340355099,0.5681613000300934,0.7102016250376166,0.593138730063196,0.662353295215167,0.6015648510382186,0.6840204634366536,0.6990671080349081,0.6671682214866087,0.5413782726452001,0.5299428227505267,0.46674691543785723,0.4204032500752333,0
0.05101721439749617,0.017214397496087774,0.02128325508607198,0.0,0.00438184663536778,0.001877934272300541,0.4873239436619719,0.7605633802816903,0.7624413145539909,0.8782472613458533,1.0,0.9918622848200316,0.9035993740219093,0.8190923317683885,0.8688575899843506,0.5965571205007828,0.5740219092331768,0.5508607198748044,0.6985915492957747,0.5768388106416276,0.6488262910798122,0.5856025039123631,0.6713615023474178,0.6870109546165883,0.6538341158059471,0.5230046948356808,0.5111111111111113,0.44538341158059463,0.3971830985915495,0.3327073552425666,1
0.017214397496087774,0.02128325508607198,0.0,0.00438184663536778,0.001877934272300541,0.4873239436619719,0.7605633802816903,0.7624413145539909,0.8782472613458533,1.0,0.9918622848200316,0.9035993740219093,0.8190923317683885,0.8688575899843506,0.5965571205007828,0.5740219092331768,0.5508607198748044,0.6985915492957747,0.5768388106416276,0.6488262910798122,0.5856025039123631,0.6713615023474178,0.6870109546165883,0.6538341158059471,0.5230046948356808,0.5111111111111113,0.44538341158059463,0.3971830985915495,0.3327073552425666,0.39123630672926474,0
0.02128325508607198,0.0,0.00438184663536778,0.001877934272300541,0.4873239436619719,0.7605633802816903,0.7624413145539909,0.8782472613458533,1.0,0.9918622848200316,0.9035993740219093,0.8190923317683885,0.8688575899843506,0.5965571205007828,0.5740219092331768,0.5508607198748044,0.6985915492957747,0.5768388106416276,0.6488262910798122,0.5856025039123631,0.6713615023474178,0.6870109546165883,0.6538341158059471,0.5230046948356808,0.5111111111111113,0.44538341158059463,0.3971830985915495,0.3327073552425666,0.39123630672926474,0.35993740219092357,0
0.0,0.00438184663536778,0.001877934272300541,0.4873239436619719,0.7605633802816903,0.7624413145539909,0.8782472613458533,1.0,0.9918622848200316,0.9035993740219093,0.8190923317683885,0.8688575899843506,0.5965571205007828,0.5740219092331768,0.5508607198748044,0.6985915492957747,0.5768388106416276,0.6488262910798122,0.5856025039123631,0.6713615023474178,0.6870109546165883,0.6538341158059471,0.5230046948356808,0.5111111111111113,0.44538341158059463,0.3971830985915495,0.3327073552425666,0.39123630672926474,0.35993740219092357,0.28513302034428817,1
0.002508623392913086,0.0,0.4863593603010348,0.7601128880526813,0.7619943555973663,0.878018187519599,1.0,0.9918469739730326,0.9034179993728442,0.8187519598620261,0.8686108497961744,0.5957980558168708,0.5732204452806522,0.5500156788962058,0.698024459078081,0.5760426465976796,0.6481655691439322,0.5848228284728756,0.6707431796801504,0.6864220758858576,0.6531828159297588,0.5221072436500471,0.5101912825337098,0.44433991846973964,0.39604891815616194,0.33145186578864855,0.39009093759799335,0.3587331451865791,0.28378802132329906,0.2282847287550955,1
0.0,0.4863593603010348,0.7601128880526813,0.7619943555973663,0.878018187519599,1.0,0.9918469739730326,0.9034179993728442,0.8187519598620261,0.8686108497961744,0.5957980558168708,0.5732204452806522,0.5500156788962058,0.698024459078081,0.5760426465976796,0.6481655691439322,0.5848228284728756,0.6707431796801504,0.6864220758858576,0.6531828159297588,0.5221072436500471,0.5101912825337098,0.44433991846973964,0.39604891815616194,0.33145186578864855,0.39009093759799335,0.3587331451865791,0.28378802132329906,0.2282847287550955,0.42646597679523374,0
0.33441690369768406,0.6891507517269406,0.6915887850467294,0.8419341731003662,1.0,0.9894351889475826,0.8748476229175133,0.7651361235270221,0.8297440065014223,0.4762291751320607,0.4469727752945957,0.4169036976838686,0.6086956521739132,0.4506298252742789,0.5440877691995124,0.46200731409995954,0.5733441690369768,0.5936611133685493,0.5505891913856161,0.38073953677366945,0.36529865908167447,0.2799674928890695,0.21739130434782644,0.1336854937017475,0.20967086550182898,0.1690369768386839,0.07192198293376718,0.0,0.2568061763510771,0.231613165379927,1
0.6891507517269406,0.6915887850467294,0.8419341731003662,1.0,0.9894351889475826,0.8748476229175133,0.7651361235270221,0.8297440065014223,0.4762291751320607,0.4469727752945957,0.4169036976838686,0.6086956521739132,0.4506298252742789,0.5440877691995124,0.46200731409995954,0.5733441690369768,0.5936611133685493,0.5505891913856161,0.38073953677366945,0.36529865908167447,0.2799674928890695,0.21739130434782644,0.1336854937017475,0.20967086550182898,0.1690369768386839,0.07192198293376718,0.0,0.2568061763510771,0.231613165379927,0.23648923201950459,1
